//AS Number
1
//number of nodes in AS
19
//node1 node2 link-Weight Link-Rate(Gbps) (for intra-domain links)
1 2 1 10
2 1 1 10
1 3 1 10
3 1 1 10
3 4 1 10
4 3 1 10
4 5 1 10
5 4 1 10
2 4 1 10
4 2 1 10
3 6 1 10
6 3 1 10
4 6 1 10
6 4 1 10
4 10 1 10
10 4 1 10
2 7 1 10
7 2 1 10
1 7 1 10
7 1 1 10
3 7 1 10
7 3 1 10
7 9 1 10
9 7 1 10
9 10 1 10
10 9 1 10
7 8 1 10
8 7 1 10
8 11 1 10
11 8 1 10
10 11 1 10
11 10 1 10
8 14 1 10
14 8 1 10
11 18 1 10
18 11 1 10
14 18 1 10
18 11 1 10
12 14 1 10
14 12 1 10
12 13 1 10
13 12 1 10
12 15 1 10
15 12 1 10
13 15 1 10
15 13 1 10
15 16 1 10
16 15 1 10
16 17 1 10
17 16 1 10
17 19 1 10
19 17 1 10
14 17 1 10
17 14 1 10
18 19 1 10
19 18 1 10
