Is_Success AS_Num src dest isUSST selectedOptionIndex pathLength Arrival_Rate ARoption path
1 1 5 12 2  0 3 50 72,6710, 5-6-13-12-
1 1 2 9 1  0 2 50 1432,2990,5630, 2-8-9-
1 1 1 10 2  0 3 50 2307,5473, 1-3-11-10-
1 1 6 12 1  0 2 50 2049,5531,6907, 6-13-12-
1 1 6 8 2  0 3 50 3158,6817, 6-14-9-8-
1 1 2 14 1  0 3 50 3121,7444,8181, 2-8-9-14-
1 1 8 4 1  0 2 50 514,4910,6369, 8-2-4-
1 1 4 2 1  0 1 50 653,6393,7774, 4-2-
1 1 5 7 1  0 1 50 538,668,2153, 5-7-
1 1 11 8 1  0 3 50 1380,2930,3058, 11-12-9-8-
1 1 4 7 2  0 3 50 2208,3580, 4-2-8-7-
1 1 10 5 2  0 3 50 5668,8454, 10-13-6-5-
1 1 5 3 2  0 1 50 6582,7874, 5-3-
1 1 13 12 1  0 1 50 1577,6448,6920, 13-12-
1 1 8 7 1  0 1 50 2120,3170,3489, 8-7-
1 1 8 6 2  0 3 50 6933,7157, 8-9-14-6-
1 1 3 4 1  0 2 50 2119,4401,7925, 3-1-4-
1 1 13 2 1  0 3 50 12,857,8181, 13-6-4-2-
1 1 6 11 1  0 3 50 308,310,1223, 6-13-12-11-
1 1 9 11 1  0 2 50 2306,4248,5741, 9-12-11-
1 1 4 1 2  0 1 50 2841,6941, 4-1-
1 1 11 14 2  0 3 50 995,2039, 11-12-9-14-
1 1 6 1 1  0 2 50 3971,4249,5732, 6-4-1-
1 1 3 4 2  0 2 50 767,1567, 3-1-4-
1 1 3 13 1  0 3 50 1771,2073,3947, 3-11-12-13-
1 1 4 7 2  0 3 50 2322,6863, 4-6-5-7-
1 1 7 10 1  0 3 50 7315,7360,7389, 7-8-9-10-
1 1 8 13 2  0 3 50 1927,3423, 8-9-12-13-
1 1 4 13 2  0 2 50 559,1389, 4-6-13-
1 1 14 7 1  0 3 50 1257,4910,6248, 14-9-8-7-
1 1 5 10 1  0 3 50 1926,2411,7708, 5-6-13-10-
1 1 7 10 1  0 3 50 3759,5516,6353, 7-8-9-10-
1 1 7 11 1  0 3 50 4045,6092,8015, 7-5-3-11-
1 1 5 13 1  0 2 50 1706,4110,5124, 5-6-13-
1 1 10 9 1  0 1 50 1886,6494,8068, 10-9-
1 1 13 1 1  0 3 50 39,5941,7337, 13-6-4-1-
1 1 3 9 2  0 3 50 4855,5996, 3-11-12-9-
1 1 11 9 2  0 2 50 1354,8253, 11-12-9-
1 1 10 9 1  0 1 50 2680,3232,5824, 10-9-
1 1 6 4 2  0 1 50 6247,6424, 6-4-
1 1 9 12 1  0 1 50 1060,2718,5226, 9-12-
1 1 6 11 1  0 3 50 1867,3859,7295, 6-13-12-11-
1 1 10 13 1  0 1 50 471,1817,3564, 10-13-
1 1 11 13 1  0 2 50 2903,5086,8047, 11-12-13-
1 1 1 8 2  0 2 50 462,3498, 1-2-8-
1 1 13 2 2  0 3 50 4007,6655, 13-6-4-2-
1 1 7 8 1  0 1 50 3693,4717,7774, 7-8-
1 1 10 9 2  0 1 50 994,4946, 10-9-
1 1 1 9 1  0 3 50 3282,3588,5677, 1-2-8-9-
1 1 13 4 1  0 2 50 1817,7210,7967, 13-6-4-
1 1 11 9 2  0 2 50 1228,4481, 11-12-9-
1 1 9 3 2  0 3 50 256,7447, 9-12-11-3-
1 1 12 10 2  0 2 50 4315,4937, 12-13-10-
1 1 10 1 2  0 3 50 406,956, 10-11-3-1-
1 1 13 1 1  0 3 50 110,6322,8032, 13-6-4-1-
1 1 7 2 1  0 2 50 754,881,6989, 7-8-2-
1 1 7 1 1  0 3 50 1600,4231,7130, 7-5-3-1-
1 1 9 8 2  0 1 50 3692,4806, 9-8-
1 1 1 8 1  0 2 50 1267,1501,4916, 1-2-8-
1 1 11 12 1  0 1 50 574,2135,3024, 11-12-
1 1 13 11 1  0 2 50 342,6606,8278, 13-12-11-
1 1 14 1 1  0 3 50 2722,3015,4884, 14-6-4-1-
1 1 11 3 2  0 1 50 2862,6128, 11-3-
1 1 11 6 1  0 3 50 1322,7186,7846, 11-12-13-6-
1 1 3 9 1  0 3 50 428,4599,4978, 3-11-12-9-
1 1 4 10 2  0 3 50 909,5969, 4-6-13-10-
1 1 13 9 1  0 2 50 460,756,3718, 13-12-9-
1 1 8 6 1  0 3 50 2022,3213,3616, 8-9-14-6-
1 1 4 1 2  0 1 50 3515,8500, 4-1-
1 1 4 1 1  0 1 50 3688,4397,5036, 4-1-
1 1 13 9 2  0 2 50 7092,7266, 13-12-9-
1 1 11 7 2  0 3 50 2756,5901, 11-3-5-7-
1 1 10 13 2  0 1 50 3235,6929, 10-13-
1 1 10 14 1  0 2 50 125,2557,4157, 10-9-14-
1 1 9 10 2  0 1 50 5895,7123, 9-10-
1 1 3 11 2  0 1 50 3533,6850, 3-11-
1 1 5 12 2  0 3 50 688,2412, 5-6-13-12-
1 1 14 9 2  0 1 50 1325,6522, 14-9-
1 1 7 12 2  0 3 50 737,3368, 7-8-9-12-
1 1 10 6 2  0 2 50 1628,7009, 10-13-6-
1 1 13 1 2  0 3 50 3532,5788, 13-6-4-1-
1 1 14 13 1  0 2 50 2962,7465,7886, 14-6-13-
1 1 6 10 2  0 2 50 4664,6045, 6-13-10-
1 1 14 13 2  0 3 50 540,777, 14-9-10-13-
1 1 14 13 1  0 2 50 2010,4448,6261, 14-6-13-
1 1 6 11 2  0 3 50 1136,3075, 6-13-12-11-
1 1 14 8 2  0 2 50 334,1127, 14-9-8-
1 1 2 13 1  0 3 50 1257,1267,4321, 2-4-6-13-
1 1 6 10 2  0 3 50 924,3876, 6-14-9-10-
1 1 12 4 1  0 3 50 4568,6289,7026, 12-13-6-4-
1 1 14 12 2  0 2 50 6942,6992, 14-9-12-
1 1 11 14 1  0 3 50 2393,2533,5925, 11-12-9-14-
1 1 11 7 1  0 3 50 16,3086,6924, 11-3-5-7-
1 1 3 14 1  0 3 50 395,3101,7418, 3-5-6-14-
1 1 2 3 1  0 2 50 699,1055,6277, 2-1-3-
1 1 10 9 2  0 1 50 3934,8014, 10-9-
1 1 14 6 1  0 1 50 2513,6658,8170, 14-6-
1 1 6 7 2  0 2 50 2799,6204, 6-5-7-
1 1 9 3 2  0 3 50 7383,7494, 9-12-11-3-
1 1 3 1 2  0 1 50 365,1621, 3-1-
1 1 6 11 1  0 3 50 477,579,6114, 6-5-3-11-
1 1 2 4 1  0 1 50 305,1147,1385, 2-4-
1 1 4 1 2  0 1 50 1319,1622, 4-1-
1 1 7 8 2  0 1 50 2485,6576, 7-8-
1 1 4 5 2  0 2 50 6761,8172, 4-6-5-
1 1 11 7 1  0 3 50 1403,6035,6780, 11-3-5-7-
1 1 5 11 1  0 2 50 1809,3268,4208, 5-3-11-
1 1 6 12 2  0 2 50 4018,7941, 6-13-12-
1 1 5 4 1  0 2 50 1747,4496,7118, 5-6-4-
1 1 5 12 2  0 3 50 7025,7596, 5-6-13-12-
1 1 7 1 1  0 3 50 951,3042,5546, 7-5-3-1-
1 1 2 3 1  0 4 50 398,1012,1538, 2-8-7-5-3-
1 1 13 10 2  0 1 50 4021,4396, 13-10-
1 1 8 11 2  0 3 50 3701,5605, 8-9-12-11-
1 1 5 2 2  0 3 50 1103,2720, 5-7-8-2-
1 1 12 2 2  0 3 50 885,3429, 12-9-8-2-
1 1 10 14 2  0 2 50 1864,8204, 10-9-14-
1 1 14 5 2  0 2 50 2388,8379, 14-6-5-
1 1 3 2 2  0 2 50 1740,3521, 3-1-2-
1 1 5 14 2  0 2 50 935,7680, 5-6-14-
1 1 3 7 1  0 2 50 2267,6228,7637, 3-5-7-
1 1 9 7 1  0 2 50 3290,4972,6669, 9-8-7-
1 1 13 1 1  0 4 50 3246,3429,4808, 13-12-11-3-1-
1 1 3 9 2  0 3 50 1231,1965, 3-11-10-9-
1 1 2 13 1  0 3 50 2824,4585,5605, 2-4-6-13-
1 1 7 6 2  0 2 50 3872,7559, 7-5-6-
1 1 5 8 2  0 2 50 8292,8315, 5-7-8-
1 1 12 8 1  0 2 50 6657,7148,7554, 12-9-8-
1 1 4 3 2  0 2 50 2878,5368, 4-1-3-
1 1 14 4 1  0 2 50 4471,6047,7248, 14-6-4-
1 1 1 12 2  0 3 50 2194,7686, 1-3-11-12-
1 1 13 4 2  0 2 50 2748,4670, 13-6-4-
1 1 13 8 2  0 3 50 1613,3383, 13-12-9-8-
1 1 3 4 1  0 2 50 3564,4136,4830, 3-1-4-
1 1 10 5 2  0 3 50 5353,8379, 10-13-6-5-
1 1 12 5 1  0 3 50 2713,3129,8114, 12-13-6-5-
1 1 1 13 2  0 4 50 4066,8229, 1-3-11-12-13-
1 1 13 8 1  0 3 50 1475,4169,6416, 13-12-9-8-
1 1 6 13 1  0 1 50 3335,4135,4398, 6-13-
1 1 11 12 2  0 1 50 3269,6817, 11-12-
1 1 11 2 2  0 3 50 3081,5834, 11-3-1-2-
1 1 8 12 2  0 4 50 746,6391, 8-9-10-11-12-
1 1 14 9 1  0 1 50 457,3710,8201, 14-9-
1 1 8 6 2  0 3 50 3972,6431, 8-9-14-6-
1 1 2 5 2  0 3 50 2781,4849, 2-8-7-5-
1 1 11 1 1  0 2 50 3481,6378,7795, 11-3-1-
1 1 1 4 1  0 1 50 3040,3340,4366, 1-4-
1 1 10 2 1  0 3 50 2607,3770,5970, 10-9-8-2-
1 1 9 3 2  0 3 50 2636,8444, 9-12-11-3-
1 1 6 14 2  0 1 50 517,2816, 6-14-
1 1 3 1 1  0 1 50 1259,4957,8040, 3-1-
1 1 1 7 1  0 3 50 1427,3560,4884, 1-2-8-7-
1 1 11 12 2  0 1 50 5090,7680, 11-12-
1 1 14 13 2  0 2 50 3672,5120, 14-6-13-
1 1 14 13 1  0 2 50 1502,2413,7986, 14-6-13-
1 1 14 4 2  0 2 50 174,3641, 14-6-4-
1 1 12 13 1  0 1 50 1604,4255,7669, 12-13-
1 1 5 7 1  0 1 50 11,3936,7290, 5-7-
1 1 1 12 1  0 3 50 4954,6178,6659, 1-3-11-12-
1 1 14 12 1  0 2 50 1390,1623,1886, 14-9-12-
1 1 11 9 2  0 2 50 2665,4965, 11-10-9-
1 1 14 2 1  0 3 50 1458,1947,5104, 14-9-8-2-
1 1 5 7 2  0 1 50 1778,2619, 5-7-
1 1 1 10 1  0 3 50 3579,4937,6240, 1-3-11-10-
1 1 8 1 2  0 2 50 2952,7093, 8-2-1-
1 1 14 9 2  0 1 50 899,4233, 14-9-
1 1 3 10 1  0 2 50 1806,3855,5129, 3-11-10-
1 1 14 6 2  0 1 50 1978,7400, 14-6-
1 1 3 8 1  0 3 50 390,2643,4248, 3-5-7-8-
1 1 7 6 2  0 2 50 1509,7782, 7-5-6-
1 1 12 9 1  0 1 50 547,3463,3915, 12-9-
1 1 14 8 2  0 4 50 3957,6645, 14-6-5-7-8-
1 1 8 12 1  0 2 50 3184,3464,6757, 8-9-12-
1 1 1 8 2  0 2 50 8297,8303, 1-2-8-
1 1 5 12 2  0 3 50 1784,3544, 5-3-11-12-
1 1 9 4 2  0 3 50 2334,5175, 9-14-6-4-
1 1 9 2 1  0 2 50 5223,7242,8089, 9-8-2-
1 1 14 3 1  0 3 50 1720,3364,4210, 14-6-5-3-
1 1 4 14 2  111 2 50 837,3591, 4-6-14-
1 1 8 2 2  0 1 50 6175,6273, 8-2-
1 1 1 13 1  0 4 50 3471,3558,4591, 1-3-11-12-13-
1 1 14 2 1  0 3 50 2557,3918,4213, 14-9-8-2-
1 1 1 10 1  0 3 50 3322,4913,6516, 1-3-11-10-
1 1 4 9 1  0 3 50 499,2733,6520, 4-6-14-9-
1 1 12 4 1  0 4 50 697,1361,3359, 12-11-3-1-4-
1 1 7 2 2  0 2 50 1530,2807, 7-8-2-
1 1 9 12 1  0 1 50 3802,4678,8164, 9-12-
1 1 12 3 2  0 5 50 3654,6149, 12-9-8-7-5-3-
1 1 9 11 1  0 2 50 35,2859,4209, 9-12-11-
1 1 10 14 2  0 2 50 2927,4191, 10-9-14-
1 1 5 2 1  0 3 50 861,2102,7863, 5-7-8-2-
1 1 2 9 2  0 2 50 4553,6159, 2-8-9-
1 1 2 6 2  152 4 50 686,4526, 2-1-3-5-6-
1 1 3 1 2  0 1 50 3478,5036, 3-1-
1 1 5 10 1  0 3 50 1652,5143,6481, 5-6-13-10-
1 1 1 4 2  0 1 50 4756,6231, 1-4-
1 1 1 3 1  0 1 50 2202,2292,2556, 1-3-
1 1 13 6 2  0 4 50 66,6631, 13-12-9-14-6-
1 1 11 1 2  0 2 50 1291,3132, 11-3-1-
1 1 8 9 1  0 6 50 641,2410,6798, 8-7-5-3-11-12-9-
1 1 2 6 1  0 2 50 3708,4897,7692, 2-4-6-
1 1 13 4 2  0 5 50 80,4767, 13-10-9-14-6-4-
1 1 11 6 2  0 3 50 1480,6246, 11-12-13-6-
1 1 8 4 2  0 2 50 4878,7928, 8-2-4-
1 1 5 9 2  0 3 50 6818,8504, 5-6-14-9-
1 1 9 7 1  0 2 50 1283,5042,7894, 9-8-7-
1 1 3 9 2  0 4 50 3642,7442, 3-5-6-14-9-
1 1 4 6 2  0 1 50 5328,8225, 4-6-
1 1 14 7 2  0 3 50 1815,4278, 14-9-8-7-
1 1 10 1 1  0 5 50 404,3529,6210, 10-9-14-6-4-1-
1 1 12 7 1  0 3 50 4471,4607,5618, 12-9-8-7-
1 1 12 11 1  0 3 50 780,6744,8271, 12-13-10-11-
1 1 11 1 2  0 2 50 5426,5889, 11-3-1-
1 1 2 9 2  0 2 50 6658,7799, 2-8-9-
1 1 11 10 2  0 1 50 4277,7807, 11-10-
1 1 9 11 2  0 2 50 478,5499, 9-12-11-
1 1 6 4 2  0 1 50 3122,3443, 6-4-
1 1 12 4 1  0 3 50 4632,5001,6791, 12-13-6-4-
1 1 9 11 2  0 2 50 2557,8075, 9-12-11-
1 1 14 3 1  1 3 50 104,1486,1622, 14-6-5-3-
1 1 6 12 1  0 2 50 1258,1702,7379, 6-13-12-
1 1 12 9 1  0 1 50 390,613,7972, 12-9-
1 1 7 14 1  0 3 50 4163,4316,7313, 7-8-9-14-
1 1 12 1 2  134 4 50 1027,7309, 12-13-6-4-1-
1 1 9 10 1  0 1 50 4983,5603,7294, 9-10-
1 1 8 14 1  0 2 50 4661,5021,7169, 8-9-14-
1 1 1 3 1  0 1 50 6612,6642,6992, 1-3-
1 1 7 1 2  0 3 50 5294,8054, 7-5-3-1-
1 1 9 5 2  0 3 50 103,4292, 9-8-7-5-
1 1 11 9 2  0 2 50 4133,4872, 11-12-9-
1 1 14 2 2  0 3 50 3322,4392, 14-9-8-2-
1 1 7 2 1  0 2 50 819,4707,7799, 7-8-2-
1 1 9 10 2  0 1 50 4233,7714, 9-10-
1 1 2 11 2  0 4 50 4939,8138, 2-8-9-10-11-
1 1 13 4 2  0 2 50 5814,7890, 13-6-4-
1 1 7 8 2  0 1 50 5645,5959, 7-8-
1 1 8 3 2  85 7 50 2772,4524, 8-9-14-6-4-2-1-3-
1 1 3 10 1  0 4 50 2680,4292,4761, 3-5-6-13-10-
1 1 9 14 1  0 1 50 5060,6408,6492, 9-14-
1 1 5 12 1  0 3 50 732,2323,3114, 5-3-11-12-
1 1 2 14 1  0 3 50 2621,7142,7839, 2-4-6-14-
1 1 11 6 2  0 3 50 6693,8106, 11-12-13-6-
1 1 2 14 2  29 3 50 925,5768, 2-8-9-14-
1 1 12 3 1  0 2 50 359,4200,4758, 12-11-3-
1 1 2 7 1  0 2 50 475,2141,2927, 2-8-7-
1 1 12 8 1  0 2 50 1180,1776,8223, 12-9-8-
1 1 1 14 1  0 3 50 2686,6017,7540, 1-4-6-14-
1 1 13 12 1  0 1 50 5082,7590,7691, 13-12-
1 1 7 3 1  0 2 50 633,4207,8222, 7-5-3-
1 1 12 5 2  0 5 50 1383,3368, 12-9-10-11-3-5-
1 1 8 13 2  0 3 50 5142,5432, 8-9-12-13-
1 1 9 11 2  0 2 50 5510,5524, 9-12-11-
1 1 4 10 2  440 4 50 621,4186, 4-1-3-11-10-
1 1 1 12 1  0 4 50 932,5277,5414, 1-2-8-9-12-
1 1 8 6 2  0 3 50 1561,5959, 8-9-14-6-
1 1 8 6 2  0 3 50 5864,5960, 8-9-14-6-
1 1 13 9 1  0 2 50 1586,4343,8117, 13-12-9-
1 1 10 4 2  0 3 50 7493,8181, 10-13-6-4-
1 1 7 2 2  0 2 50 3856,8433, 7-8-2-
1 1 10 2 2  520 4 50 1163,4185, 10-13-6-4-2-
1 1 4 3 1  0 3 50 340,699,1653, 4-6-5-3-
1 1 12 9 1  0 1 50 2338,4049,6871, 12-9-
1 1 11 5 2  0 2 50 3275,3383, 11-3-5-
1 1 2 1 1  0 1 50 132,2518,2872, 2-1-
1 1 4 7 2  0 3 50 135,6470, 4-2-8-7-
1 1 10 5 2  0 3 50 2601,5767, 10-13-6-5-
1 1 2 11 2  0 3 50 2466,7557, 2-1-3-11-
1 1 9 13 1  0 2 50 4956,7804,8119, 9-12-13-
1 1 13 2 1  0 3 50 1222,2921,6610, 13-6-4-2-
1 1 8 6 2  0 3 50 1233,2679, 8-9-14-6-
1 1 14 9 2  0 1 50 2432,4731, 14-9-
1 1 2 6 1  0 2 50 1436,2268,3404, 2-4-6-
1 1 11 6 2  0 3 50 1146,6464, 11-3-5-6-
1 1 11 12 1  0 1 50 3193,4634,5514, 11-12-
1 1 4 13 2  1419 2 50 547,6561, 4-6-13-
1 1 11 6 1  0 3 50 315,2647,4414, 11-12-13-6-
1 1 11 9 2  0 2 50 1539,3228, 11-10-9-
1 1 4 1 1  0 1 50 193,3977,5070, 4-1-
1 1 1 12 2  79 4 50 1749,2058, 1-2-8-9-12-
1 1 3 13 2  0 3 50 7282,7685, 3-11-12-13-
1 1 11 7 2  27 6 50 1317,4791, 11-10-9-14-6-5-7-
1 1 1 13 2  0 3 50 2554,6299, 1-4-6-13-
1 1 11 10 1  0 1 50 4088,6926,8093, 11-10-
1 1 14 13 1  0 3 50 3373,5761,7715, 14-9-12-13-
1 1 12 13 1  0 1 50 357,2923,4768, 12-13-
1 1 14 3 2  53 7 50 1938,2846, 14-6-5-7-8-2-1-3-
1 1 14 4 2  115 2 50 3146,4081, 14-6-4-
1 1 5 12 1  1 3 50 3659,4256,7400, 5-6-13-12-
1 1 14 3 2  97 5 50 2250,6461, 14-6-13-12-11-3-
1 1 11 5 1  0 4 50 1196,2834,5066, 11-12-13-6-5-
1 1 4 12 1  0 3 50 1509,1569,3140, 4-6-13-12-
1 1 7 1 1  0 3 50 2340,3074,7517, 7-5-3-1-
1 1 8 12 2  0 4 50 4979,6117, 8-9-10-13-12-
1 1 7 11 2  0 5 50 3268,5563, 7-5-6-13-10-11-
1 1 12 5 1  0 3 50 1412,3587,3973, 12-13-6-5-
1 1 8 9 2  0 1 50 848,3360, 8-9-
1 1 10 7 2  0 3 50 7345,8268, 10-9-8-7-
1 1 5 14 2  106 2 50 945,4996, 5-6-14-
1 1 10 5 2  0 3 50 2180,3700, 10-11-3-5-
1 1 1 13 2  616 4 50 3110,6149, 1-3-11-12-13-
1 1 12 4 1  0 4 50 2394,3961,5110, 12-9-8-2-4-
1 1 7 3 2  0 2 50 2154,5755, 7-5-3-
1 1 2 3 1  0 2 50 3357,6364,7120, 2-1-3-
1 1 12 6 2  71 2 50 2786,5381, 12-13-6-
1 1 7 12 1  0 4 50 727,5490,8119, 7-5-3-11-12-
1 1 1 7 2  0 3 50 5614,8272, 1-2-8-7-
1 1 14 2 2  0 3 50 4399,8032, 14-9-8-2-
1 1 14 11 1  0 3 50 554,6242,8228, 14-9-12-11-
1 1 8 6 2  136 3 50 1982,4131, 8-9-14-6-
1 1 12 3 2  0 4 50 529,4897, 12-13-6-5-3-
1 1 7 3 2  810 4 50 1037,3391, 7-8-2-1-3-
1 1 14 1 2  0 4 50 2800,5735, 14-9-8-2-1-
1 1 1 9 2  0 5 50 3422,6680, 1-4-6-13-12-9-
1 1 5 14 2  42 2 50 1057,4547, 5-6-14-
1 1 11 3 2  552 1 50 1655,3632, 11-3-
1 1 6 11 1  0 3 50 5039,6949,7915, 6-13-12-11-
1 1 8 5 2  0 2 50 5374,6906, 8-7-5-
1 1 13 10 2  0 1 50 7151,7310, 13-10-
1 1 1 8 1  0 2 50 3422,3545,5583, 1-2-8-
1 1 11 3 1  0 1 50 1521,3624,6883, 11-3-
1 1 10 14 1  0 3 50 2816,3620,7798, 10-13-6-14-
1 1 8 7 2  0 1 50 4198,7710, 8-7-
1 1 2 9 2  0 2 50 4092,4376, 2-8-9-
1 1 9 5 2  969 4 50 559,1937, 9-10-11-3-5-
1 1 9 4 2  0 3 50 1031,1647, 9-8-2-4-
1 1 3 2 1  0 2 50 1185,2821,5789, 3-1-2-
1 1 1 14 2  213 3 50 2188,4033, 1-4-6-14-
1 1 9 2 2  0 5 50 3213,4547, 9-12-13-6-4-2-
1 1 9 10 2  0 1 50 6492,7503, 9-10-
1 1 7 6 1  0 4 50 1229,2683,5662, 7-8-9-14-6-
1 1 1 11 1  0 5 50 1649,2271,6563, 1-4-6-13-12-11-
1 1 3 13 1  0 3 50 665,2040,7561, 3-11-12-13-
1 1 13 1 2  144 4 50 2335,6568, 13-12-11-3-1-
1 1 3 13 2  0 3 50 5803,6064, 3-11-12-13-
1 1 11 9 2  0 2 50 2193,7358, 11-10-9-
1 1 11 8 1  0 4 50 518,634,4602, 11-3-5-7-8-
1 1 5 11 2  0 2 50 7202,7963, 5-3-11-
1 1 5 13 2  2549 4 50 334,5256, 5-3-11-10-13-
1 1 5 7 1  0 5 50 1141,6356,7732, 5-3-1-2-8-7-
1 1 13 3 1  0 3 50 1774,1817,6901, 13-12-11-3-
1 1 13 10 2  0 1 50 1486,3540, 13-10-
1 1 12 9 2  0 1 50 2031,3249, 12-9-
1 1 3 11 1  0 1 50 297,4021,4582, 3-11-
1 1 6 4 2  0 1 50 5173,5368, 6-4-
1 1 11 4 2  132 5 50 1769,5573, 11-10-9-8-2-4-
1 1 5 7 1  0 5 50 5272,7344,7615, 5-6-14-9-8-7-
1 1 13 10 2  0 3 50 595,8224, 13-12-11-10-
1 1 4 9 1  0 5 50 630,3045,6219, 4-1-3-11-12-9-
1 1 10 11 1  0 1 50 3857,4139,5730, 10-11-
1 1 12 3 2  0 2 50 66,4666, 12-11-3-
1 1 6 10 1  0 2 50 152,4625,4659, 6-13-10-
1 1 8 6 2  0 3 50 2719,3986, 8-9-14-6-
1 1 1 13 1  0 3 50 1897,6340,7115, 1-4-6-13-
1 1 2 10 2  0 3 50 5217,5465, 2-8-9-10-
1 1 6 1 2  94 3 50 1263,1983, 6-5-3-1-
1 1 12 1 1  0 3 50 3930,6023,6153, 12-11-3-1-
1 1 4 2 2  0 1 50 558,1141, 4-2-
1 1 3 11 2  0 1 50 182,892, 3-11-
1 1 8 3 1  1 3 50 2087,4981,6974, 8-7-5-3-
1 1 4 13 2  15 2 50 1532,6800, 4-6-13-
1 1 9 12 1  0 1 50 751,1157,6993, 9-12-
1 1 13 3 1  0 3 50 766,3585,4758, 13-12-11-3-
1 1 6 4 1  0 5 50 1160,4077,4463, 6-14-9-8-2-4-
1 1 2 6 2  0 4 50 5331,6826, 2-8-9-14-6-
1 1 9 3 2  211 4 50 3238,5365, 9-8-7-5-3-
1 1 4 2 1  1 1 50 1714,1977,5738, 4-2-
1 1 3 2 2  36 4 50 714,2236, 3-5-7-8-2-
1 1 5 4 2  781 7 50 1368,6172, 5-6-14-9-8-2-1-4-
1 1 4 12 1  0 3 50 1684,3751,4555, 4-6-13-12-
1 1 1 3 2  71 7 50 839,3033, 1-4-2-8-9-12-11-3-
1 1 13 2 1  0 3 50 117,6535,7422, 13-6-4-2-
1 1 13 12 2  0 3 50 2318,7079, 13-10-9-12-
1 1 7 10 2  319 4 50 3854,4287, 7-5-6-13-10-
1 1 3 1 2  0 1 50 4504,5851, 3-1-
1 1 5 7 1  0 1 50 699,2088,4510, 5-7-
1 1 1 8 1  0 2 50 1273,5428,7499, 1-2-8-
1 1 4 13 2  47 5 50 3057,3855, 4-1-3-11-12-13-
1 1 13 5 1  0 2 50 70,2279,6714, 13-6-5-
1 1 11 10 1  0 1 50 2586,4187,7957, 11-10-
1 1 2 6 2  0 2 50 4343,7029, 2-4-6-
1 1 1 10 1  0 4 50 2726,3278,7893, 1-4-6-13-10-
1 1 4 6 1  2 1 50 951,1070,7964, 4-6-
1 1 9 10 2  0 3 50 5202,6254, 9-12-13-10-
1 1 14 11 2  25 3 50 1913,2904, 14-9-10-11-
1 1 3 13 2  0 6 50 1486,2951, 3-1-2-8-9-10-13-
1 1 5 14 1  0 2 50 5512,7177,7372, 5-6-14-
1 1 14 5 2  0 2 50 611,1836, 14-6-5-
0 1 7 5 2  -1 -1 50 724,759, 
1 1 3 11 1  1 1 50 1106,5201,6689, 3-11-
1 1 12 5 2  68 6 50 1314,8570, 12-11-10-9-14-6-5-
1 1 3 14 1  0 4 50 3944,4208,6623, 3-11-12-9-14-
1 1 7 8 1  0 5 50 73,5615,7167, 7-5-6-4-2-8-
1 1 2 14 2  57 4 50 66,2591, 2-1-4-6-14-
1 1 1 9 1  0 3 50 3933,4339,5159, 1-2-8-9-
1 1 5 7 2  0 1 50 2543,8313, 5-7-
1 1 6 1 2  1360 3 50 1732,6174, 6-5-3-1-
1 1 6 2 1  0 2 50 517,3489,8140, 6-4-2-
1 1 9 8 2  582 1 50 1700,7469, 9-8-
1 1 7 6 2  35 2 50 507,2467, 7-5-6-
1 1 5 14 1  1 2 50 820,1857,5230, 5-6-14-
1 1 10 4 2  108 3 50 4713,4907, 10-13-6-4-
1 1 7 8 1  0 1 50 849,4205,4393, 7-8-
1 1 3 1 1  0 1 50 2211,5441,6189, 3-1-
1 1 9 1 1  0 4 50 2897,7574,8256, 9-8-2-4-1-
1 1 11 12 2  0 1 50 6248,6781, 11-12-
1 1 3 7 2  0 2 50 212,3388, 3-5-7-
1 1 6 1 1  0 5 50 3272,4963,7231, 6-13-12-11-3-1-
1 1 12 7 1  0 4 50 137,4642,5691, 12-11-3-5-7-
1 1 3 5 1  0 5 50 3267,3680,5706, 3-1-2-8-7-5-
1 1 6 1 2  390 3 50 2162,8151, 6-5-3-1-
1 1 1 8 2  0 2 50 6819,7183, 1-2-8-
1 1 7 12 2  31 4 50 1539,5512, 7-5-6-13-12-
1 1 3 13 2  0 3 50 3843,4652, 3-5-6-13-
1 1 3 11 1  0 1 50 1628,4637,7247, 3-11-
1 1 13 2 1  0 3 50 1302,6577,6948, 13-6-4-2-
1 1 7 3 1  0 2 50 6700,7715,8094, 7-5-3-
1 1 3 4 2  0 2 50 6002,7269, 3-1-4-
1 1 8 11 2  0 3 50 650,4318, 8-9-12-11-
1 1 7 9 1  0 2 50 230,2720,6594, 7-8-9-
1 1 8 5 2  0 4 50 2337,7888, 8-2-1-3-5-
1 1 1 11 2  2680 5 50 1005,6775, 1-4-6-13-10-11-
1 1 10 7 2  67 3 50 984,5277, 10-9-8-7-
1 1 5 6 1  0 1 50 1682,2828,5649, 5-6-
1 1 4 10 1  0 6 50 1035,1185,4287, 4-2-8-9-12-13-10-
1 1 14 7 1  1 3 50 783,3266,6665, 14-9-8-7-
1 1 1 8 2  0 2 50 619,8463, 1-2-8-
1 1 1 14 2  207 3 50 3861,8145, 1-4-6-14-
1 1 13 12 2  536 1 50 1500,4278, 13-12-
1 1 1 9 2  0 4 50 3167,4929, 1-3-11-12-9-
1 1 1 7 2  72 3 50 3020,4491, 1-2-8-7-
1 1 9 3 1  0 3 50 179,4660,5977, 9-12-11-3-
1 1 9 6 1  0 3 50 2771,3724,6029, 9-12-13-6-
1 1 12 13 1  0 1 50 1765,2247,2511, 12-13-
1 1 7 4 2  300 3 50 3973,4950, 7-8-2-4-
1 1 4 1 2  0 1 50 244,2119, 4-1-
1 1 2 12 1  0 3 50 122,1103,2217, 2-8-9-12-
1 1 6 11 1  0 4 50 480,2913,3257, 6-14-9-10-11-
1 1 9 11 2  0 2 50 2027,4678, 9-10-11-
1 1 5 8 1  0 2 50 5975,6106,7701, 5-7-8-
1 1 13 10 1  0 1 50 399,919,1482, 13-10-
1 1 10 4 2  0 3 50 4535,6695, 10-13-6-4-
1 1 7 14 1  0 5 50 2613,7346,7566, 7-8-2-4-6-14-
1 1 5 11 1  0 4 50 6952,7933,8244, 5-6-13-10-11-
1 1 8 13 1  0 4 50 1537,2055,5756, 8-9-14-6-13-
1 1 11 4 1  0 4 50 387,742,3421, 11-3-5-6-4-
1 1 11 9 2  0 2 50 412,8092, 11-12-9-
1 1 6 3 2  316 3 50 5135,8056, 6-4-1-3-
0 1 12 1 2  -1 -1 50 1949,3822, 
1 1 5 12 2  2631 3 50 1674,8094, 5-3-11-12-
1 1 14 6 2  0 1 50 730,4975, 14-6-
1 1 12 10 1  0 2 50 420,546,6307, 12-13-10-
1 1 12 14 2  1894 5 50 2512,7993, 12-11-3-5-6-14-
1 1 5 14 2  403 2 50 2689,3931, 5-6-14-
1 1 14 9 1  0 4 50 6620,6686,7745, 14-6-13-12-9-
1 1 12 13 1  0 3 50 1776,5073,8193, 12-11-10-13-
1 1 12 10 1  0 2 50 122,5766,5894, 12-11-10-
1 1 7 14 1  0 3 50 376,2775,5834, 7-8-9-14-
1 1 8 12 1  0 2 50 3202,6964,7228, 8-9-12-
1 1 3 7 2  0 2 50 3815,7594, 3-5-7-
1 1 14 10 2  0 2 50 7998,8123, 14-9-10-
1 1 2 1 2  328 1 50 1772,5593, 2-1-
1 1 8 12 2  22 2 50 1925,4429, 8-9-12-
1 1 14 9 1  1 4 50 53,2926,3243, 14-6-13-12-9-
1 1 8 14 1  0 2 50 1092,3784,7419, 8-9-14-
1 1 13 1 1  1 3 50 4067,4109,6634, 13-6-4-1-
1 1 3 2 2  3683 2 50 438,7379, 3-1-2-
1 1 3 9 2  0 3 50 8016,8429, 3-11-12-9-
1 1 9 6 1  0 6 50 3545,6877,7677, 9-12-11-3-1-4-6-
1 1 11 12 1  0 1 50 2640,4189,7866, 11-12-
1 1 6 7 1  0 4 50 1352,1636,2763, 6-14-9-8-7-
1 1 1 13 2  0 3 50 5881,7479, 1-4-6-13-
1 1 2 10 1  0 3 50 357,3983,7281, 2-8-9-10-
1 1 12 5 1  0 3 50 192,2326,2852, 12-13-6-5-
1 1 12 2 1  0 5 50 1314,5212,6940, 12-9-14-6-4-2-
1 1 10 1 1  0 3 50 3302,6640,8039, 10-11-3-1-
1 1 2 10 2  45 7 50 127,6226, 2-1-3-5-7-8-9-10-
1 1 3 13 2  0 6 50 580,6876, 3-1-2-8-9-12-13-
1 1 2 13 1  1 3 50 1145,4929,6412, 2-4-6-13-
1 1 3 1 1  0 4 50 406,4602,6439, 3-5-6-4-1-
1 1 12 1 1  1 4 50 1986,3979,4100, 12-9-8-2-1-
1 1 12 5 2  796 3 50 2606,7981, 12-11-3-5-
0 1 6 10 2  -1 -1 50 1770,3067, 
1 1 3 2 2  0 2 50 8095,8470, 3-1-2-
1 1 11 9 2  0 2 50 3585,5085, 11-12-9-
1 1 13 6 1  0 1 50 2908,5713,7209, 13-6-
1 1 1 11 2  59 5 50 3118,6292, 1-4-6-13-10-11-
1 1 10 5 1  0 4 50 2906,4103,7264, 10-9-8-7-5-
1 1 9 5 1  1 3 50 2865,2954,4626, 9-8-7-5-
1 1 7 5 1  0 1 50 3230,6677,6864, 7-5-
1 1 3 12 1  0 2 50 221,313,4258, 3-11-12-
1 1 3 10 2  392 2 50 4124,8382, 3-11-10-
1 1 7 9 2  167 4 50 4187,8595, 7-5-6-14-9-
1 1 11 2 1  1 4 50 2177,2875,5308, 11-12-9-8-2-
1 1 7 2 2  0 4 50 5520,8297, 7-5-6-4-2-
1 1 5 11 2  35 5 50 474,5030, 5-7-8-9-12-11-
1 1 13 4 1  0 2 50 4327,7186,7592, 13-6-4-
1 1 3 7 1  0 4 50 3341,6448,7030, 3-1-2-8-7-
1 1 14 13 1  0 2 50 1857,2421,3495, 14-6-13-
1 1 3 9 2  0 3 50 2801,5456, 3-11-12-9-
1 1 5 10 2  12 4 50 173,2578, 5-7-8-9-10-
1 1 4 11 2  1998 3 50 911,6557, 4-1-3-11-
1 1 5 7 2  483 1 50 3884,6282, 5-7-
1 1 3 2 1  0 2 50 3598,4168,5177, 3-1-2-
1 1 13 3 2  3871 6 50 153,4278, 13-10-9-14-6-5-3-
1 1 2 4 2  0 2 50 3257,7634, 2-1-4-
1 1 9 13 1  0 2 50 46,1490,2730, 9-10-13-
1 1 11 4 1  0 3 50 1627,3700,5065, 11-3-1-4-
1 1 1 2 2  0 1 50 5299,6030, 1-2-
1 1 1 7 1  0 3 50 607,1738,5890, 1-2-8-7-
1 1 10 14 1  0 2 50 319,1926,3264, 10-9-14-
1 1 1 5 2  417 4 50 3989,6556, 1-2-8-7-5-
1 1 13 7 2  0 3 50 5839,7182, 13-6-5-7-
1 1 13 3 1  0 3 50 555,887,7788, 13-10-11-3-
