Arr_rate Arr_Time  arr_TS  is_acc  is_USST src  dest  dur  rate  ARopt  selectedOp  pathLen  path
0.0385639 0 1 1 9 14 360 1 459,6068,7088 0 3 9-7-8-14
0.110136 0 1 2 2 12 48 10 6344,7036 6344 4 2-7-8-14-12
0.267187 0 1 2 2 15 78 10 245,2483 245 5 2-7-8-14-12-15
0.281408 0 1 1 17 16 360 1 239,1771,2965 0 1 17-16
0.379964 0 1 1 13 9 360 1 1258,5228,7959 0 5 13-12-14-8-7-9
0.476186 0 1 1 12 2 360 1 315,5774,6596 0 4 12-14-8-7-2
0.48494 0 1 2 3 8 60 10 1516,6341 1516 2 3-7-8
0.637716 0 1 2 15 3 24 10 3245,7346 3245 5 15-12-14-8-7-3
0.680953 0 1 1 9 7 360 1 1926,3382,6619 0 1 9-7
0.69426 0 1 2 8 9 72 10 1550,6444 1550 2 8-7-9
0.696801 0 1 2 6 12 138 10 2759,4117 2759 5 6-3-7-8-14-12
0.776404 0 1 1 17 6 360 1 4279,6538,6999 0 5 17-14-8-7-3-6
0.78106 0 1 1 2 8 360 1 3732,6675,8103 0 2 2-7-8
0.798645 0 1 1 7 1 360 1 4731,5201,5713 0 1 7-1
0.967909 0 1 2 10 14 12 10 5447,7349 5447 3 10-11-8-14
0.984854 0 1 2 18 9 24 10 1039,1405 1039 3 18-11-10-9
0.989524 0 1 2 15 4 102 10 1270,3220 1270 6 15-12-14-8-11-10-4
1.02002 0 1 1 10 1 360 1 2955,4330,6538 0 3 10-9-7-1
1.0741 0 1 1 10 2 360 1 164,1222,2546 0 2 10-4-2
1.11263 0 1 1 2 4 360 1 2914,4705,5819 0 1 2-4
1.14165 0 1 1 16 5 360 1 662,857,2592 0 7 16-17-19-18-11-10-4-5
1.22987 0 1 2 13 9 36 10 1541,5834 1541 6 13-12-14-8-11-10-9
1.31215 0 1 1 3 14 360 1 4627,5720,6044 0 3 3-7-8-14
1.3374 0 1 1 10 5 360 1 989,2918,4629 0 2 10-4-5
1.34358 0 1 1 5 7 360 1 318,467,4336 0 3 5-4-3-7
1.35032 0 1 1 5 4 360 1 1457,4569,7505 0 1 5-4
1.38688 0 1 1 1 14 360 1 2610,3753,6413 0 3 1-7-8-14
1.39293 0 1 1 6 2 360 1 174,2639,5948 0 2 6-4-2
1.44728 0 1 1 11 16 360 1 192,1632,4655 0 4 11-18-19-17-16
1.5915 0 1 2 1 12 186 10 7846,7997 7846 4 1-7-8-14-12
1.59631 0 1 1 1 15 360 1 362,1546,2925 0 5 1-7-8-14-12-15
1.65241 0 1 1 8 5 360 1 4476,5989,6093 0 4 8-11-10-4-5
1.66579 0 1 1 11 5 360 1 3276,3912,7485 0 3 11-10-4-5
1.73322 0 1 1 10 19 360 1 1088,3231,7036 0 3 10-11-18-19
1.75161 0 1 1 17 4 360 1 2849,4290,7297 0 5 17-19-18-11-10-4
1.80104 0 1 1 16 1 360 1 2003,4182,5052 0 5 16-17-14-8-7-1
1.86109 0 1 1 2 12 360 1 16,4575,6465 0 4 2-7-8-14-12
1.8621 0 1 1 4 10 360 1 6341,7487,8247 0 1 4-10
2.07761 0 1 2 7 16 42 10 286,3371 286 4 7-8-14-17-16
2.16249 0 1 1 19 6 360 1 110,3347,7894 0 5 19-18-11-10-4-6
2.18359 0 1 2 8 3 42 10 5978,7249 5978 2 8-7-3
2.19246 0 1 2 9 4 84 10 7270,7392 7270 2 9-10-4
2.21235 0 1 1 3 13 360 1 1054,6511,8052 0 5 3-7-8-14-12-13
2.23776 0 1 2 13 14 42 10 2536,6832 2536 2 13-12-14
2.24909 0 1 1 5 12 360 1 1393,4703,5680 0 6 5-4-10-11-8-14-12
2.29545 0 1 1 17 8 360 1 1391,2373,6986 0 2 17-14-8
2.31089 0 1 1 5 2 360 1 825,2339,8115 0 2 5-4-2
2.33064 0 1 1 14 9 360 1 507,1079,8226 0 3 14-8-7-9
2.33191 0 1 2 4 9 66 10 4280,7397 4280 2 4-10-9
2.36329 0 1 2 8 13 24 10 5612,7743 5612 3 8-14-12-13
2.40358 0 1 1 18 4 360 1 1762,4126,5496 0 3 18-11-10-4
2.44202 0 1 1 4 14 360 1 1479,2233,7083 0 4 4-10-11-8-14
2.45722 0 1 2 16 9 66 10 2315,8260 2315 5 16-17-14-8-7-9
2.63152 0 1 1 4 14 360 1 6531,7589,7797 0 4 4-10-11-8-14
2.6374 0 1 1 18 12 360 1 1292,1350,4782 0 4 18-19-17-14-12
2.75304 0 1 1 15 2 360 1 4843,6232,7631 0 5 15-12-14-8-7-2
2.79854 0 1 1 16 3 360 1 4087,4622,6334 0 5 16-17-14-8-7-3
2.80976 0 1 2 16 7 30 10 2340,3079 2340 4 16-17-14-8-7
2.8132 0 1 2 19 16 198 10 3219,6882 3219 2 19-17-16
2.81796 0 1 1 4 14 360 1 1713,3043,4058 0 4 4-10-11-8-14
2.82701 0 1 1 4 6 360 1 2362,2745,5244 0 1 4-6
2.83873 0 1 1 3 6 360 1 1346,2791,7948 0 1 3-6
2.85347 0 1 1 2 16 360 1 1430,1819,5713 0 5 2-7-8-14-17-16
2.86347 0 1 2 10 13 120 10 46,634 46 5 10-11-8-14-12-13
2.92992 0 1 1 16 6 360 1 5134,6012,7015 0 6 16-17-14-8-7-3-6
3.01536 0 1 2 5 14 288 10 2632,4889 2632 5 5-4-10-11-8-14
3.06775 0 1 1 19 18 360 1 988,7015,8115 0 1 19-18
3.16439 0 1 2 8 5 162 10 3640,5320 3640 4 8-11-10-4-5
3.20967 0 1 1 19 8 360 1 606,3127,7376 0 3 19-17-14-8
3.3557 0 1 1 19 2 360 1 1904,3193,4525 0 5 19-17-14-8-7-2
3.4365 0 1 1 6 15 360 1 2383,5564,7047 0 6 6-3-7-8-14-12-15
3.48112 0 1 1 14 8 360 1 286,2261,5257 0 5 14-17-19-18-11-8
3.49301 0 1 1 8 4 360 1 1038,1721,2145 0 3 8-11-10-4
3.5586 0 1 1 16 12 360 1 36,1164,2576 0 2 16-15-12
3.56095 0 1 1 7 15 360 1 3617,7457,7689 0 4 7-8-14-12-15
3.58705 0 1 1 13 7 360 1 2423,4426,4960 0 8 13-15-16-17-19-18-11-8-7
3.59357 0 1 1 16 2 360 1 5332,5764,6622 0 5 16-17-14-8-7-2
3.59501 0 1 1 1 14 360 1 2799,5651,7432 0 7 1-7-8-11-18-19-17-14
3.59629 0 1 2 1 4 108 10 6430,7970 6430 2 1-3-4
3.59865 0 1 1 14 16 360 1 1725,5289,6999 0 2 14-17-16
3.62925 0 1 1 11 2 360 1 1024,5033,7482 0 3 11-8-7-2
3.67101 0 1 1 14 19 360 1 1872,6387,7785 0 2 14-17-19
3.69024 0 1 1 1 5 360 1 388,1566,6050 0 3 1-3-4-5
3.70536 0 1 1 1 13 360 1 678,1537,8118 0 5 1-7-8-14-12-13
3.75751 0 1 2 2 16 60 10 464,708 464 5 2-7-8-14-17-16
3.76695 0 1 1 8 9 360 1 556,2301,5574 0 2 8-7-9
3.77023 0 1 1 17 6 360 1 90,2495,4918 0 6 17-19-18-11-10-4-6
3.87245 0 1 2 5 17 12 10 3496,4554 3496 6 5-4-10-11-18-19-17
3.88883 0 1 1 6 16 360 1 1064,1308,6737 0 6 6-3-7-8-14-17-16
4.06883 0 1 2 1 7 84 10 2090,6888 2090 1 1-7
4.17574 0 1 1 10 16 360 1 954,6638,7679 0 5 10-11-18-19-17-16
4.3082 0 1 1 13 19 360 1 557,4666,7953 0 4 13-15-16-17-19
4.33765 0 1 1 13 12 360 1 1740,3942,6770 0 1 13-12
4.3459 0 1 2 15 6 66 10 163,2367 163 6 15-12-14-8-7-3-6
4.47069 0 1 1 12 17 360 1 7563,7950,7964 0 2 12-14-17
4.52242 0 1 1 19 17 360 1 7041,7099,8274 0 1 19-17
4.53186 0 1 1 17 13 360 1 329,1250,2239 0 3 17-16-15-13
4.59329 0 1 1 7 1 360 1 719,2391,5462 0 1 7-1
4.65484 0 1 1 4 15 360 1 2592,5837,6105 0 7 4-10-11-18-19-17-16-15
4.6878 0 1 2 14 16 318 10 1506,6395 1506 2 14-17-16
4.74707 0 1 1 15 18 360 1 10,3442,4244 0 4 15-16-17-19-18
4.80799 0 1 1 16 4 360 1 2998,5614,7047 0 6 16-17-19-18-11-10-4
4.84459 0 1 2 4 15 48 10 7278,7878 7278 6 4-10-11-8-14-12-15
4.86774 0 1 1 14 13 360 1 3992,4657,7658 0 2 14-12-13
4.93364 0 1 1 11 6 360 1 4438,4758,7353 0 3 11-10-4-6
5.00642 0 1 1 11 5 360 1 110,5697,5945 0 3 11-10-4-5
5.04009 0 1 2 12 17 12 10 441,2464 441 2 12-14-17
5.07415 0 1 1 10 18 360 1 2911,6687,7993 0 2 10-11-18
5.11065 0 1 2 1 7 60 10 295,3863 295 1 1-7
5.15326 0 1 1 3 1 360 1 1205,1806,2339 0 1 3-1
5.18449 0 1 1 7 6 360 1 4311,4774,7629 0 2 7-3-6
5.24349 0 1 2 13 16 210 10 34,7570 34 2 13-15-16
5.24362 0 1 1 13 5 360 1 3678,5232,7022 0 7 13-12-14-8-11-10-4-5
5.43411 0 1 1 18 10 360 1 211,3680,5688 0 2 18-11-10
5.44899 0 1 1 14 6 360 1 2627,3321,4955 0 7 14-17-19-18-11-10-4-6
5.46624 0 1 1 5 8 360 1 2368,4993,5109 0 4 5-4-10-11-8
5.52192 0 1 1 6 15 360 1 165,3016,3791 0 8 6-4-10-11-18-19-17-16-15
5.53656 0 1 2 17 1 132 10 4688,6643 4688 4 17-14-8-7-1
5.55375 0 1 1 13 6 360 1 20,1479,4108 0 9 13-15-16-17-19-18-11-10-4-6
5.59031 0 1 1 10 1 360 1 193,1695,1895 0 3 10-9-7-1
5.62676 0 1 2 14 1 54 10 2376,6265 2376 3 14-8-7-1
5.64744 0 1 1 2 18 360 1 4250,5243,7269 0 4 2-4-10-11-18
5.79363 0 1 2 14 8 150 10 3617,8452 3617 1 14-8
5.80956 0 1 1 5 18 360 1 339,1890,4672 0 4 5-4-10-11-18
5.83958 0 1 1 16 11 360 1 2698,2929,7086 0 4 16-17-19-18-11
5.88189 0 1 1 15 19 360 1 2377,4576,4667 0 3 15-16-17-19
5.90516 0 1 1 4 14 360 1 3739,4814,8249 0 4 4-10-11-8-14
5.98953 0 1 2 2 13 12 10 597,6475 597 5 2-7-8-14-12-13
6.00791 0 1 1 19 10 360 1 3535,3936,6803 0 3 19-18-11-10
6.00813 0 1 1 5 3 360 1 1155,3968,3986 0 2 5-4-3
6.04551 0 1 1 15 1 360 1 388,1605,6867 0 5 15-12-14-8-7-1
6.09576 0 1 1 6 5 360 1 3694,5251,7688 0 2 6-4-5
6.11626 0 1 1 12 11 360 1 699,5612,7651 0 3 12-14-8-11
6.23091 0 1 1 7 17 360 1 4600,7392,7921 0 3 7-8-14-17
6.31426 0 1 1 7 1 360 1 2856,4387,5660 0 1 7-1
6.31439 0 1 1 16 10 360 1 3025,3646,4151 0 5 16-17-19-18-11-10
6.49613 0 1 1 5 8 360 1 1944,3461,4330 0 4 5-4-10-11-8
6.56796 0 1 1 17 12 360 1 733,1067,1315 0 2 17-14-12
6.63305 0 1 1 14 19 360 1 1080,3731,5166 0 2 14-17-19
6.65377 0 1 1 15 17 360 1 3546,5689,6419 0 2 15-16-17
6.72014 0 1 1 2 18 360 1 6191,6301,7595 0 4 2-4-10-11-18
6.93275 0 1 1 1 2 360 1 1071,1125,5385 0 1 1-2
6.95586 0 1 2 14 1 126 10 1279,6162 1279 3 14-8-7-1
7.0246 0 1 2 5 10 12 10 664,3394 664 2 5-4-10
7.03618 0 1 1 16 11 360 1 1866,5015,5425 0 4 16-17-19-18-11
7.04268 0 1 2 9 6 12 10 5491,5518 5491 3 9-10-4-6
7.08146 0 1 1 13 15 360 1 1441,1777,7786 0 1 13-15
7.08693 0 1 1 14 7 360 1 4301,5625,7509 0 2 14-8-7
7.10232 0 1 1 16 12 360 1 4340,7151,7477 0 2 16-15-12
7.27646 0 1 2 8 18 96 10 1125,8091 1125 2 8-11-18
7.29274 0 1 1 4 19 360 1 15,3466,3777 0 4 4-10-11-18-19
7.29941 0 1 2 4 6 18 10 17,258 17 1 4-6
7.3045 0 1 1 3 19 360 1 1193,2072,2859 0 5 3-4-10-11-18-19
7.3229 0 1 2 13 15 96 10 39,848 39 1 13-15
7.40134 0 1 2 4 9 90 10 1258,1287 1258 2 4-10-9
7.47132 0 1 1 7 8 360 1 2565,3662,7070 0 1 7-8
7.4903 0 1 1 16 15 360 1 3961,7285,8019 0 1 16-15
7.5356 0 1 1 13 8 360 1 2504,4184,4549 0 7 13-15-16-17-19-18-11-8
7.54252 0 1 1 4 10 360 1 3522,5706,7654 0 1 4-10
7.59062 0 1 1 4 3 360 1 1345,3202,8005 0 1 4-3
7.60063 0 1 1 9 13 360 1 5078,5949,8228 0 5 9-7-8-14-12-13
7.69238 0 1 1 6 7 360 1 815,5910,6931 0 2 6-3-7
7.6955 0 1 2 13 9 132 10 2994,6286 2994 5 13-12-14-8-7-9
7.73177 0 1 2 14 18 12 10 3280,6554 3280 3 14-17-19-18
7.77841 0 1 1 15 5 360 1 579,1812,3413 0 7 15-12-14-8-11-10-4-5
7.8856 0 1 1 13 16 360 1 70,4457,4608 0 3 13-12-15-16
7.94906 0 1 1 9 11 360 1 5449,6474,7759 0 2 9-10-11
7.99875 0 1 2 12 18 150 10 622,6262 622 4 12-14-17-19-18
8.01013 0 1 1 14 4 360 1 2644,2971,3344 0 6 14-17-19-18-11-10-4
8.15129 0 1 1 3 4 360 1 4259,4340,4947 0 1 3-4
8.21037 0 1 1 15 6 360 1 3033,3706,5884 0 6 15-12-14-8-7-3-6
8.24026 0 1 2 2 17 126 10 496,1933 496 4 2-7-8-14-17
8.28538 0 1 1 19 9 360 1 1120,1360,7059 0 4 19-18-11-10-9
8.29696 0 1 2 8 16 72 10 3454,7324 3454 3 8-14-17-16
8.37188 0 1 1 19 9 360 1 748,6887,8194 0 4 19-18-11-10-9
8.38678 0 1 1 19 17 360 1 2379,6048,7102 0 1 19-17
8.56477 0 1 1 13 19 360 1 676,3416,6183 0 4 13-15-16-17-19
8.59649 0 1 1 6 1 360 1 1572,2381,6975 0 2 6-3-1
8.60254 0 1 1 6 4 360 1 5034,7000,7639 0 1 6-4
8.64383 0 1 1 1 15 360 1 2810,3729,5654 0 8 1-7-8-11-18-19-17-16-15
8.69201 0 1 1 4 14 360 1 658,841,2274 0 4 4-10-11-8-14
8.81416 0 1 1 8 10 360 1 1751,3532,4888 0 2 8-11-10
8.83149 0 1 1 1 4 360 1 1007,2728,7338 0 2 1-3-4
8.85474 0 1 1 8 7 360 1 1825,6445,7152 0 1 8-7
8.88816 0 1 2 8 14 24 10 741,7034 741 1 8-14
8.9648 0 1 1 8 3 360 1 2833,5454,6904 0 2 8-7-3
8.99282 0 1 1 2 17 360 1 161,4205,5231 0 6 2-4-10-11-18-19-17
9.0245 0 1 1 8 12 360 1 3553,3762,3887 0 2 8-14-12
9.03647 0 1 1 13 9 360 1 956,5032,5376 0 8 13-15-16-17-19-18-11-10-9
9.19782 0 1 1 4 10 360 1 381,5706,6519 0 1 4-10
9.20342 0 1 1 10 9 360 1 1695,2934,6041 0 1 10-9
9.20994 0 1 1 15 12 360 1 670,774,7167 0 1 15-12
9.21371 0 1 2 18 15 12 10 5317,8282 5317 4 18-19-17-16-15
9.21764 0 1 2 12 4 12 10 401,6779 401 5 12-14-8-11-10-4
9.2345 0 1 1 17 15 360 1 536,5731,6111 0 2 17-16-15
9.40136 0 1 2 14 16 276 10 2282,3359 2282 3 14-12-15-16
9.43329 0 1 1 3 18 360 1 216,4019,7061 0 4 3-4-10-11-18
9.44171 0 1 2 2 5 42 10 1088,8263 1088 2 2-4-5
9.48225 0 1 1 6 19 360 1 431,831,6556 0 5 6-4-10-11-18-19
9.6126 0 1 1 18 16 360 1 4837,5978,7897 0 3 18-19-17-16
9.64778 0 1 1 16 7 360 1 556,4004,7858 0 7 16-17-19-18-11-10-9-7
9.6903 0 1 1 14 12 360 1 595,1038,4735 0 1 14-12
9.75816 0 1 2 15 14 30 10 358,3425 358 2 15-12-14
9.77119 0 1 2 17 12 54 10 3901,5683 3901 2 17-14-12
9.9471 0 1 1 9 19 360 1 1535,6856,7111 0 4 9-10-11-18-19
9.9518 0 1 1 2 1 360 1 5299,5642,7595 0 1 2-1
10.0077 1 1 1 10 13 360 1 4076,4822,6887 0 5 10-11-8-14-12-13
10.155 1 1 2 16 3 102 10 1750,8228 1749 5 16-17-14-8-7-3
10.2962 1 1 1 9 13 360 1 4730,5351,7011 0 5 9-7-8-14-12-13
10.3247 1 1 1 16 3 360 1 2560,4160,6177 0 7 16-17-19-18-11-8-7-3
10.3279 1 1 1 10 8 360 1 426,6654,6818 0 2 10-11-8
10.4442 1 1 1 2 4 360 1 3173,4227,4849 0 1 2-4
10.5104 1 1 1 10 13 360 1 1452,1966,2294 0 5 10-11-8-14-12-13
10.5316 1 1 1 10 1 360 1 505,1629,4135 0 3 10-9-7-1
10.6017 1 1 1 6 11 360 1 1396,3121,4356 0 3 6-4-10-11
10.627 1 1 2 4 7 66 10 133,3370 132 2 4-3-7
10.7193 1 1 1 6 16 360 1 4938,5796,7525 0 6 6-3-7-8-14-17-16
10.8495 1 1 2 17 3 90 10 992,6313 991 4 17-14-8-7-3
10.9008 1 1 1 2 13 360 1 1478,3200,5286 0 5 2-7-8-14-12-13
10.901 1 1 1 17 5 360 1 878,5568,5875 0 6 17-19-18-11-10-4-5
10.9274 1 1 2 6 3 138 10 3331,5440 3330 1 6-3
10.9641 1 1 1 4 18 360 1 4195,4785,6840 0 3 4-10-11-18
10.9786 1 1 1 10 5 360 1 206,3233,4765 0 2 10-4-5
11.0219 1 1 1 17 10 360 1 1302,5652,5738 0 4 17-19-18-11-10
11.1052 1 1 2 12 6 24 10 1191,6271 1190 5 12-14-8-7-3-6
11.1071 1 1 1 18 13 360 1 2890,6059,7828 0 5 18-19-17-16-15-13
11.2649 1 1 2 17 5 348 10 4064,6263 4063 6 17-19-18-11-10-4-5
11.2864 1 1 1 3 12 360 1 2164,2304,3463 2 4 3-7-8-14-12
11.3205 1 1 1 17 10 360 1 2352,3350,4274 0 4 17-19-18-11-10
11.3676 1 1 1 14 1 360 1 1986,2533,7641 1 7 14-17-19-18-11-8-7-1
11.3937 1 1 1 14 16 360 1 1948,3830,6041 0 2 14-17-16
11.5999 1 1 1 13 6 360 1 618,781,7176 0 6 13-12-14-8-7-3-6
11.6518 1 1 2 17 5 264 10 3822,6502 3821 6 17-19-18-11-10-4-5
11.8383 1 1 1 10 1 360 1 996,1408,6284 0 3 10-9-7-1
11.8699 1 1 1 13 11 360 1 449,856,1348 0 6 13-15-16-17-19-18-11
11.9984 1 1 1 9 4 360 1 4166,4744,7972 0 2 9-10-4
12.0016 1 1 1 1 10 360 1 606,2125,5619 0 3 1-7-9-10
12.0497 1 1 1 15 13 360 1 2240,3154,5515 0 1 15-13
12.0604 1 1 1 9 12 360 1 166,5917,7988 0 8 9-10-11-18-19-17-16-15-12
12.091 1 1 1 14 5 360 1 159,3120,4191 0 13 14-12-15-16-17-19-18-11-10-9-7-3-4-5
12.0971 1 1 2 10 9 36 10 170,5495 169 1 10-9
12.1049 1 1 1 19 5 360 1 2580,7741,8031 0 5 19-18-11-10-4-5
12.2062 1 1 2 10 9 60 10 1367,3481 1366 1 10-9
12.2077 1 1 1 11 15 360 1 1189,3674,7465 0 5 11-18-19-17-16-15
12.2344 1 1 1 1 17 360 1 2247,2505,6637 0 7 1-7-9-10-11-18-19-17
12.2553 1 1 1 19 8 360 1 2688,4240,6771 0 3 19-18-11-8
12.3614 1 1 1 6 9 360 1 832,2876,6045 0 3 6-4-10-9
12.3703 1 1 2 11 9 12 10 1869,7543 1868 2 11-10-9
12.3818 1 1 1 12 9 360 1 2739,3705,5652 0 7 12-14-17-19-18-11-10-9
12.3912 1 1 1 13 3 360 1 1741,5548,6975 0 5 13-12-14-8-7-3
12.398 1 1 2 7 15 252 10 4584,5198 4583 4 7-8-14-12-15
12.4689 1 1 1 6 9 360 1 42,2054,4931 0 3 6-3-7-9
12.6431 1 1 2 6 4 24 10 1664,2634 1663 1 6-4
12.6539 1 1 1 11 2 360 1 4502,4892,5496 0 3 11-8-7-2
12.6926 1 1 1 1 4 360 1 7109,7465,7660 0 2 1-3-4
12.6993 1 1 1 8 12 360 1 4096,6227,8203 0 2 8-14-12
12.7018 1 1 2 14 2 12 10 2215,4545 2214 3 14-8-7-2
12.766 1 1 1 5 1 360 1 3611,4499,6596 0 3 5-4-3-1
12.804 1 1 2 10 17 12 10 5822,6560 5821 4 10-11-18-19-17
12.9862 1 1 2 7 12 234 10 689,4391 688 3 7-8-14-12
12.9923 1 1 2 19 4 12 10 565,6691 564 4 19-18-11-10-4
13.1204 1 1 1 15 12 360 1 14,2034,7891 0 1 15-12
13.1623 1 1 2 7 3 348 10 2441,5952 2440 1 7-3
13.3514 1 1 1 6 2 360 1 5152,5539,6414 0 2 6-4-2
13.3735 1 1 1 11 19 360 1 2186,3395,5036 0 2 11-18-19
13.5008 1 1 1 16 4 360 1 4148,4463,6419 0 6 16-17-19-18-11-10-4
13.528 1 1 1 4 19 360 1 1888,6048,8160 0 4 4-10-11-18-19
13.6163 1 1 1 16 14 360 1 2424,2668,5369 0 2 16-17-14
13.6257 1 1 1 19 4 360 1 266,2874,6753 1 4 19-18-11-10-4
13.675 1 1 1 5 8 360 1 1261,3131,5975 0 4 5-4-10-11-8
13.683 1 1 1 13 3 360 1 2066,3731,7813 1 5 13-12-14-8-7-3
13.8447 1 1 1 6 8 360 1 3463,4857,7050 0 3 6-3-7-8
13.9063 1 1 1 11 13 360 1 634,4359,5394 0 6 11-18-19-17-16-15-13
13.9158 1 1 1 3 12 360 1 874,1035,7144 0 4 3-7-8-14-12
14.0206 1 1 2 15 5 288 10 2536,3154 2919 7 15-12-14-8-11-10-4-5
14.0329 1 1 2 6 17 90 10 1938,2472 1937 5 6-3-7-8-14-17
14.0414 1 1 1 2 9 360 1 2933,3028,4066 0 2 2-7-9
14.0583 1 1 1 13 17 360 1 1075,7426,7757 0 3 13-15-16-17
14.1309 1 1 1 5 8 360 1 90,1242,3707 1 4 5-4-10-11-8
14.1373 1 1 1 16 14 360 1 149,759,2038 0 3 16-15-12-14
14.2907 1 1 2 19 10 12 10 6506,7027 6505 3 19-18-11-10
14.342 1 1 1 18 6 360 1 2563,5823,6128 0 4 18-11-10-4-6
14.3497 1 1 1 4 8 360 1 1414,6634,8016 0 3 4-10-11-8
14.3517 1 1 2 9 16 42 10 3643,8033 3642 5 9-7-8-14-17-16
14.3598 1 1 2 10 19 264 10 1303,4033 1552 3 10-11-18-19
14.6427 1 1 1 3 16 360 1 642,911,5676 0 7 3-4-10-11-18-19-17-16
14.6862 1 1 1 4 1 360 1 3760,6530,7929 0 2 4-3-1
14.6959 1 1 2 17 15 66 10 3730,7041 3729 2 17-16-15
14.7007 1 1 2 14 3 18 10 1050,7524 1049 3 14-8-7-3
14.8092 1 1 1 14 9 360 1 3157,4386,7664 0 3 14-8-7-9
14.8416 1 1 2 11 18 90 10 425,5898 518 1 11-18
14.8868 1 1 1 16 11 360 1 523,2984,4021 0 4 16-17-19-18-11
14.8873 1 1 2 4 13 12 10 141,4274 140 6 4-10-11-8-14-12-13
14.9424 1 1 1 18 6 360 1 1545,4932,5965 0 5 18-11-8-7-3-6
14.9736 1 1 1 14 1 360 1 4492,5497,6653 0 3 14-8-7-1
14.9756 1 1 1 2 5 360 1 3454,4342,7506 0 2 2-4-5
14.9901 1 1 2 1 12 18 10 4550,5879 4549 4 1-7-8-14-12
15.0469 1 1 1 10 6 360 1 4141,4947,7152 0 2 10-4-6
15.0955 1 1 2 2 13 42 10 174,3509 173 5 2-7-8-14-12-13
15.1091 1 1 2 12 19 90 10 3125,4781 3124 4 12-15-16-17-19
15.1172 1 1 1 11 14 360 1 652,2805,6246 0 4 11-18-19-17-14
15.162 1 1 2 18 19 78 10 5551,5564 5550 1 18-19
15.2028 1 1 2 13 9 24 10 3050,5339 3049 8 13-15-16-17-19-18-11-10-9
15.2252 1 1 1 3 14 360 1 1191,1525,3713 0 7 3-7-8-11-18-19-17-14
15.3393 1 1 2 11 4 240 10 5451,6800 5450 2 11-10-4
15.4721 1 1 1 5 17 360 1 1778,4774,5725 0 6 5-4-10-11-18-19-17
15.5368 1 0 2 7 12 360 10 834,970 -1 -1 
15.6065 1 1 2 9 5 12 10 702,8027 701 3 9-10-4-5
15.6323 1 1 1 6 9 360 1 5459,5858,7104 0 3 6-3-7-9
15.6778 1 1 1 5 4 360 1 751,5105,5531 0 1 5-4
15.7196 1 1 2 1 4 12 10 2724,7251 2723 2 1-3-4
15.8592 1 1 1 18 19 360 1 4246,4504,8189 0 1 18-19
15.9647 1 1 2 11 9 246 10 264,4393 469 2 11-10-9
16.0095 1 1 2 1 3 12 10 5890,7942 5889 1 1-3
16.0237 1 1 1 3 6 360 1 1807,3267,5193 0 1 3-6
16.0765 1 1 1 19 6 360 1 3029,3277,7267 0 6 19-18-11-8-7-3-6
16.2877 1 1 1 15 18 360 1 3047,5011,6374 1 4 15-16-17-19-18
16.3131 1 1 1 10 5 360 1 2119,3902,4656 0 2 10-4-5
16.3209 1 1 1 8 2 360 1 1240,2052,6353 0 2 8-7-2
16.3935 1 1 1 2 14 360 1 187,973,4039 1 7 2-4-10-11-18-19-17-14
16.4017 1 1 2 8 14 192 10 171,5113 764 1 8-14
16.4335 1 1 1 2 17 360 1 256,532,2131 2 6 2-4-10-11-18-19-17
16.5379 1 1 2 15 19 12 10 319,6137 318 3 15-16-17-19
16.8047 1 1 1 14 7 360 1 489,2537,2673 1 6 14-17-19-18-11-8-7
16.9923 1 1 2 8 16 36 10 6130,7308 6129 3 8-14-17-16
17.0815 1 1 1 16 14 360 1 2712,5438,7734 0 2 16-17-14
17.1186 1 1 1 13 19 360 1 1559,2159,3223 0 4 13-15-16-17-19
17.1923 1 1 1 5 4 360 1 5798,6437,7484 0 1 5-4
17.2225 1 1 1 8 6 360 1 394,4200,6865 1 3 8-7-3-6
17.3558 1 1 1 17 4 360 1 1870,6874,8053 0 5 17-19-18-11-10-4
17.3592 1 1 1 17 14 360 1 391,2625,6259 0 4 17-16-15-12-14
17.4054 1 1 1 6 12 360 1 547,3884,4496 1 5 6-3-7-8-14-12
17.5469 1 1 1 19 6 360 1 1575,2771,3935 0 6 19-17-14-8-7-3-6
17.5692 1 1 2 4 13 36 10 796,4417 795 8 4-10-11-18-19-17-16-15-13
17.6742 1 1 1 19 16 360 1 126,4219,5502 0 2 19-17-16
17.7134 1 1 2 9 10 12 10 2070,4096 2069 1 9-10
17.7321 1 1 2 1 8 12 10 2041,4092 2040 2 1-7-8
17.8588 1 1 2 15 10 12 10 7435,8479 7434 5 15-12-14-8-11-10
17.9076 1 1 1 4 8 360 1 322,3431,4247 1 3 4-10-11-8
17.913 1 1 1 3 1 360 1 2143,2970,6303 0 1 3-1
17.9728 1 1 2 10 14 42 10 3929,6873 3928 3 10-11-8-14
18.0029 1 1 1 1 3 360 1 3402,5047,5715 0 1 1-3
18.2223 1 1 1 9 15 360 1 2022,3220,5716 1 5 9-7-8-14-12-15
18.271 1 1 1 8 9 360 1 89,552,7073 2 2 8-7-9
18.2992 1 1 2 13 17 78 10 533,5875 532 3 13-15-16-17
18.3019 1 1 1 11 12 360 1 1843,2341,2549 0 3 11-8-14-12
18.3748 1 1 1 8 10 360 1 4809,5020,7619 0 2 8-11-10
18.3873 1 1 1 10 11 360 1 326,6995,8279 1 1 10-11
18.5059 1 1 1 14 2 360 1 1601,5580,5783 0 3 14-8-7-2
18.5088 1 1 2 16 8 330 10 1188,6689 1314 5 16-17-19-18-11-8
18.5859 1 0 1 15 10 360 1 166,529,2931 -1 -1 
18.7352 1 1 2 17 6 102 10 2264,3049 2263 6 17-19-18-11-10-4-6
18.7784 1 1 1 4 9 360 1 224,1020,3168 0 3 4-3-7-9
18.8004 1 1 1 19 13 360 1 2464,5697,6762 0 4 19-17-16-15-13
18.8136 1 1 2 11 17 180 10 641,3147 808 3 11-18-19-17
18.8274 1 1 2 5 3 96 10 5444,7464 5443 2 5-4-3
18.8991 1 1 1 6 13 360 1 1759,3993,5482 0 6 6-3-7-8-14-12-13
18.9522 1 1 2 17 7 258 10 4850,5976 4849 3 17-14-8-7
18.9709 1 1 1 16 2 360 1 17,4546,6014 1 5 16-17-14-8-7-2
19.1354 1 1 2 2 17 138 10 4193,7263 4192 4 2-7-8-14-17
19.1937 1 1 1 8 5 360 1 4369,5749,6254 0 4 8-11-10-4-5
19.2033 1 1 1 14 7 360 1 842,4278,7863 1 2 14-8-7
19.2619 1 1 2 17 14 324 10 1680,5736 1823 4 17-16-15-12-14
19.3367 1 1 1 8 18 360 1 1079,2677,5205 0 2 8-11-18
19.3507 1 1 1 19 12 360 1 3289,5185,7789 0 3 19-17-14-12
19.3564 1 1 2 5 16 126 10 2214,3459 2213 7 5-4-10-11-18-19-17-16
19.4762 1 1 1 9 1 360 1 4935,5019,6542 0 2 9-7-1
19.4933 1 1 2 10 17 30 10 1326,5741 1325 4 10-11-18-19-17
19.5425 1 1 1 4 6 360 1 1526,2181,5937 0 1 4-6
19.5876 1 1 1 17 15 360 1 2095,5386,7384 1 2 17-16-15
19.6549 1 1 1 10 18 360 1 604,3812,5322 2 2 10-11-18
19.684 1 1 1 11 3 360 1 2618,4244,5761 0 3 11-8-7-3
19.7066 1 1 1 4 9 360 1 2618,2931,6473 0 2 4-10-9
19.7438 1 1 2 1 8 42 10 1769,5988 1768 2 1-7-8
19.7453 1 1 1 17 4 360 1 4893,4908,6656 0 5 17-19-18-11-10-4
19.7825 1 1 1 6 8 360 1 3833,4557,5175 0 3 6-3-7-8
19.9032 1 1 2 10 11 18 10 6405,7836 6404 1 10-11
19.9413 1 1 2 6 17 12 10 5224,6403 5223 5 6-3-7-8-14-17
19.9757 1 1 1 17 19 360 1 2863,7239,8197 0 1 17-19
19.9843 1 1 1 17 6 360 1 1067,4049,6967 1 5 17-14-8-7-3-6
20.1058 2 1 1 3 13 360 1 804,2952,3963 2 5 3-7-8-14-12-13
20.1154 2 1 1 17 12 360 1 3377,4115,5143 0 2 17-14-12
20.1313 2 1 1 12 2 360 1 1092,5174,8199 1 4 12-14-8-7-2
20.1928 2 1 1 4 9 360 1 1932,3378,3910 0 2 4-10-9
20.2013 2 1 2 17 15 48 10 4494,5452 4492 2 17-16-15
20.3785 2 1 2 12 1 120 10 3541,7073 3539 8 12-14-17-19-18-11-8-7-1
20.4438 2 1 2 8 7 282 10 5065,6677 5063 4 8-11-10-9-7
20.6204 2 1 1 17 18 360 1 1781,3433,5632 0 2 17-19-18
20.6872 2 1 1 17 18 360 1 3651,4742,5035 0 2 17-19-18
20.6986 2 1 2 5 3 168 10 4578,6727 4576 2 5-4-3
20.7414 2 1 1 16 15 360 1 5131,5830,6663 0 1 16-15
20.7463 2 1 2 9 18 12 10 68,4568 66 3 9-10-11-18
20.7534 2 1 1 19 13 360 1 877,4550,5849 1 4 19-17-16-15-13
20.7791 2 1 1 8 5 360 1 3213,4660,5582 0 4 8-11-10-4-5
20.8484 2 1 1 7 18 360 1 2916,3430,8260 1 3 7-8-11-18
20.8956 2 1 1 8 2 360 1 1081,1322,5285 0 2 8-7-2
20.9141 2 1 1 5 10 360 1 2617,5849,6313 0 2 5-4-10
20.9778 2 1 2 19 17 18 10 1411,2315 1409 1 19-17
21.0006 2 1 2 10 9 18 10 1105,8354 1103 1 10-9
21.0252 2 1 1 13 18 360 1 405,3195,6858 1 5 13-15-16-17-19-18
21.0525 2 1 1 7 11 360 1 414,1011,6072 2 2 7-8-11
21.059 2 1 1 19 10 360 1 291,534,1875 2 3 19-18-11-10
21.1453 2 1 2 12 6 24 10 4421,7917 4419 5 12-14-8-7-3-6
21.1804 2 1 1 4 6 360 1 363,1269,6895 0 1 4-6
21.2413 2 1 2 19 8 18 10 441,965 439 3 19-17-14-8
21.4863 2 1 2 15 19 18 10 1229,2720 1227 3 15-16-17-19
21.5722 2 1 1 16 2 360 1 2103,5693,7705 1 5 16-17-14-8-7-2
21.5785 2 1 1 1 17 360 1 272,4575,7995 1 4 1-7-8-14-17
21.6007 2 1 2 2 12 60 10 5253,5534 5251 4 2-7-8-14-12
21.6218 2 1 1 16 19 360 1 1308,5942,6801 0 2 16-17-19
21.8443 2 1 1 8 12 360 1 786,4280,7004 1 2 8-14-12
21.8463 2 1 2 11 14 24 10 4611,7563 4609 2 11-8-14
21.8701 2 1 1 12 14 360 1 4622,6492,8063 0 1 12-14
21.9063 2 1 1 4 1 360 1 299,972,7421 0 2 4-3-1
22.0312 2 1 1 18 7 360 1 3084,3314,3607 0 3 18-11-8-7
22.0508 2 1 1 14 17 360 1 177,540,782 0 4 14-12-15-16-17
22.0531 2 1 1 6 14 360 1 563,5370,7672 1 4 6-3-7-8-14
22.0624 2 1 1 10 1 360 1 143,6485,7585 0 3 10-9-7-1
22.1364 2 1 1 11 5 360 1 633,1784,7020 0 3 11-10-4-5
22.2142 2 1 2 14 13 18 10 2566,7476 2564 2 14-12-13
22.2199 2 1 2 9 1 18 10 5653,7574 5651 2 9-7-1
22.3853 2 1 2 16 5 216 10 651,4632 1850 7 16-17-19-18-11-10-4-5
22.3941 2 1 1 14 12 360 1 575,3334,4674 0 1 14-12
22.462 2 1 1 12 16 360 1 5085,5336,8267 0 2 12-15-16
22.5286 2 1 1 16 17 360 1 2852,5638,6434 0 1 16-17
22.594 2 1 1 4 9 360 1 130,371,879 0 3 4-3-7-9
22.6243 2 1 1 16 7 360 1 2426,5549,6678 0 6 16-17-19-18-11-8-7
22.642 2 1 2 13 16 42 10 587,7852 585 2 13-15-16
22.68 2 1 2 10 16 12 10 6507,8015 6505 5 10-11-18-19-17-16
22.7835 2 1 1 1 18 360 1 150,482,5671 2 4 1-7-8-11-18
22.791 2 1 1 3 17 360 1 392,2718,5656 2 4 3-7-8-14-17
22.8436 2 1 1 9 5 360 1 613,1613,1765 0 3 9-10-4-5
22.8774 2 1 2 4 9 156 10 1784,2669 1782 2 4-10-9
22.8884 2 1 2 14 11 48 10 1334,7661 1354 4 14-17-19-18-11
22.9159 2 1 1 11 1 360 1 5662,5694,7352 0 3 11-8-7-1
22.9258 2 1 1 8 13 360 1 1295,1677,7578 1 7 8-11-18-19-17-16-15-13
22.9629 2 1 2 6 5 96 10 1158,4938 1156 2 6-4-5
23.0161 2 1 1 13 14 360 1 1225,2030,2511 0 2 13-12-14
23.0953 2 1 2 3 9 78 10 1933,5638 1931 2 3-7-9
23.1451 2 1 1 6 2 360 1 1361,2958,8278 0 2 6-4-2
23.1539 2 1 1 19 11 360 1 198,209,4131 2 2 19-18-11
23.2665 2 1 1 6 5 360 1 1776,4703,5531 0 2 6-4-5
23.3653 2 1 1 6 14 360 1 1931,3065,5844 0 5 6-4-10-11-8-14
23.3996 2 1 2 6 8 222 10 1159,2241 1157 3 6-3-7-8
23.4574 2 1 1 9 8 360 1 4142,4170,6974 0 2 9-7-8
23.547 2 1 1 14 15 360 1 1763,1765,6604 0 2 14-12-15
23.5688 2 1 2 5 7 18 10 4044,4833 4042 3 5-4-3-7
23.6809 2 1 1 3 6 360 1 2748,3979,7666 0 1 3-6
23.7253 2 1 2 14 10 12 10 7378,7543 7376 3 14-8-11-10
23.7379 2 1 2 1 8 168 10 855,2329 853 5 1-7-9-10-11-8
23.901 2 1 1 18 17 360 1 1391,2630,4271 1 2 18-19-17
23.967 2 1 1 12 11 360 1 1886,6169,7439 0 3 12-14-8-11
23.9729 2 1 1 16 9 360 1 4898,5190,5868 0 5 16-17-14-8-7-9
24.0006 2 1 1 11 18 360 1 4600,5346,8002 0 1 11-18
24.0197 2 1 2 17 10 72 10 2218,5468 2216 5 17-14-8-7-9-10
24.043 2 1 2 3 17 318 10 52,3003 1850 5 3-1-7-8-14-17
24.1075 2 1 1 3 6 360 1 1162,5240,8277 0 1 3-6
24.1786 2 1 2 15 9 132 10 4699,7211 4697 7 15-16-17-19-18-11-10-9
24.203 2 1 1 17 9 360 1 27,4261,5309 1 5 17-19-18-11-10-9
24.2333 2 1 1 11 8 360 1 1023,3824,5624 0 1 11-8
24.3547 2 1 1 13 6 360 1 2492,6022,6695 0 9 13-15-16-17-19-18-11-10-4-6
24.3621 2 1 1 19 18 360 1 2185,4482,7337 0 1 19-18
24.3791 2 1 1 7 2 360 1 1688,4722,7929 0 1 7-2
24.4073 2 1 1 14 12 360 1 874,2953,6748 0 1 14-12
24.5321 2 1 1 10 7 360 1 2436,4208,6207 0 2 10-9-7
24.6131 2 1 1 15 2 360 1 438,2264,7327 2 5 15-12-14-8-7-2
24.6396 2 1 1 10 2 360 1 976,1503,3024 0 2 10-4-2
24.6406 2 1 1 17 5 360 1 642,1444,3525 1 8 17-19-18-11-8-7-3-4-5
24.7201 2 1 1 4 19 360 1 616,4475,8268 1 4 4-10-11-18-19
24.7661 2 1 1 3 19 360 1 658,4419,5291 1 5 3-4-10-11-18-19
24.7757 2 1 1 8 16 360 1 1179,4690,7577 1 3 8-14-17-16
24.891 2 1 1 10 7 360 1 4009,5167,7460 0 2 10-9-7
25.0336 2 1 1 9 6 360 1 1142,1991,7699 0 3 9-10-4-6
25.0524 2 1 1 6 1 360 1 4833,8015,8039 0 2 6-3-1
25.0643 2 1 1 11 7 360 1 5500,6081,8204 0 2 11-8-7
25.0736 2 1 2 5 15 18 10 910,6227 908 8 5-4-10-11-18-19-17-16-15
25.076 2 1 1 10 13 360 1 117,3747,6837 1 6 10-9-7-8-14-12-13
25.1095 2 1 1 10 16 360 1 1060,3740,7461 1 6 10-9-7-8-14-17-16
25.1793 2 1 1 1 19 360 1 525,1289,7045 2 5 1-7-8-11-18-19
25.3345 2 1 2 12 14 72 10 3683,3708 3681 1 12-14
25.3537 2 1 1 4 16 360 1 669,844,3439 2 6 4-10-11-18-19-17-16
25.4237 2 1 2 19 17 78 10 1255,2130 1402 5 19-18-11-8-14-17
25.4885 2 1 1 1 6 360 1 1236,4479,5505 0 2 1-3-6
25.5539 2 1 1 1 5 360 1 247,1343,5441 0 3 1-3-4-5
25.5889 2 1 1 18 19 360 1 2160,5702,6921 0 1 18-19
25.5938 2 1 1 8 10 360 1 2051,3602,7124 0 2 8-11-10
25.6721 2 1 1 4 17 360 1 500,3049,4827 2 5 4-10-11-18-19-17
25.798 2 1 1 11 12 360 1 3050,4104,4535 1 3 11-8-14-12
25.8111 2 1 1 14 17 360 1 3599,5180,7915 0 4 14-12-15-16-17
25.8282 2 1 1 8 5 360 1 290,2045,7033 2 4 8-11-10-4-5
25.8552 2 1 2 17 13 18 10 2038,6719 2036 3 17-14-12-13
25.8606 2 1 2 17 5 318 10 4168,7223 4166 9 17-19-18-11-10-9-7-3-4-5
25.8743 2 1 1 15 19 360 1 1497,3917,7800 0 3 15-16-17-19
25.9578 2 1 2 10 5 36 10 1322,4623 1320 5 10-9-7-3-4-5
26.0178 2 1 2 12 6 30 10 2381,3899 2379 5 12-14-8-7-3-6
26.0518 2 1 1 10 19 360 1 3243,6590,7982 0 3 10-11-18-19
26.1527 2 1 2 10 14 120 10 6073,8420 6071 3 10-11-8-14
26.1569 2 1 1 11 4 360 1 662,3703,7882 0 4 11-8-7-3-4
26.18 2 1 2 14 10 18 10 3958,6973 3956 4 14-8-7-9-10
26.2191 2 1 2 14 9 30 10 5681,7103 5679 3 14-8-7-9
26.2557 2 0 1 5 15 360 1 737,2966,3752 -1 -1 
26.3012 2 1 1 10 18 360 1 4824,5828,7953 0 2 10-11-18
26.3023 2 1 1 2 9 360 1 627,2709,4423 0 2 2-7-9
26.3184 2 1 1 6 8 360 1 560,1346,5386 1 3 6-3-7-8
26.3262 2 1 1 14 10 360 1 556,1218,6495 2 3 14-8-11-10
26.3446 2 1 1 12 9 360 1 707,6536,7256 1 4 12-14-8-7-9
26.3699 2 1 1 15 17 360 1 1590,4269,5172 0 2 15-16-17
26.3867 2 1 1 19 14 360 1 2500,5765,7478 0 2 19-17-14
26.4154 2 0 1 4 15 360 1 875,1579,4400 -1 -1 
26.5004 2 1 2 2 14 24 10 2903,5974 2918 3 2-7-8-14
26.595 2 1 2 4 8 12 10 5263,7360 5261 3 4-10-11-8
26.6662 2 1 2 11 10 168 10 4623,7989 4621 1 11-10
26.6795 2 1 1 17 1 360 1 1005,4098,7505 2 4 17-14-8-7-1
26.7136 2 1 1 10 11 360 1 3849,4186,7470 0 4 10-9-7-8-11
26.7203 2 1 1 5 11 360 1 424,4574,6748 1 5 5-4-3-7-8-11
26.9377 2 1 1 6 3 360 1 1154,4447,4923 0 1 6-3
26.9816 2 0 1 4 12 360 1 236,600,1770 -1 -1 
27.0135 2 1 1 4 6 360 1 1806,7789,7822 0 1 4-6
27.143 2 1 2 16 6 36 10 2184,3888 2182 7 16-17-19-18-11-10-4-6
27.2085 2 1 1 5 15 360 1 4749,5055,7958 0 7 5-4-3-7-8-14-12-15
27.2396 2 1 2 15 14 48 10 2786,5300 2784 2 15-12-14
27.2601 2 1 1 2 13 360 1 5202,7291,7899 0 5 2-7-8-14-12-13
27.2689 2 1 2 5 19 108 10 3180,5755 3178 5 5-4-10-11-18-19
27.2695 2 1 1 8 17 360 1 358,4239,6386 2 2 8-14-17
27.291 2 0 1 17 2 360 1 118,2974,4744 -1 -1 
27.3371 2 1 1 2 6 360 1 889,1202,1339 0 2 2-4-6
27.3702 2 1 1 10 9 360 1 220,1453,4636 0 1 10-9
27.4747 2 1 1 9 3 360 1 4793,6650,7908 0 2 9-7-3
27.5118 2 1 1 14 18 360 1 89,5390,5770 1 3 14-17-19-18
27.7262 2 1 1 14 9 360 1 888,5563,7748 1 3 14-8-7-9
27.8272 2 0 1 10 15 360 1 1449,1897,1982 -1 -1 
27.8307 2 1 1 17 5 360 1 1477,4625,6280 2 6 17-19-18-11-10-4-5
27.8312 2 1 1 19 10 360 1 247,2368,6780 1 3 19-18-11-10
27.8328 2 1 2 2 18 24 10 1932,5263 1930 5 2-7-9-10-11-18
27.9028 2 1 1 14 17 360 1 1978,6037,7244 0 4 14-12-15-16-17
27.9948 2 1 1 5 1 360 1 371,1458,4202 0 3 5-4-3-1
28.011 2 1 2 5 7 12 10 55,4695 53 3 5-4-3-7
28.252 2 1 2 9 15 156 10 3028,7162 3124 6 9-7-8-14-12-13-15
28.2521 2 1 1 17 7 360 1 66,1064,5321 2 3 17-14-8-7
28.2618 2 1 2 18 12 102 10 1249,8380 1642 4 18-11-8-14-12
28.4094 2 1 2 12 4 126 10 1573,4147 1575 5 12-14-8-7-3-4
28.4239 2 1 2 3 14 126 10 2090,2832 2368 7 3-4-10-11-18-19-17-14
28.4678 2 1 1 6 14 360 1 689,2345,5333 2 4 6-3-7-8-14
28.5322 2 1 1 17 6 360 1 1392,4020,6924 2 5 17-14-8-7-3-6
28.5496 2 1 2 10 3 90 10 4012,7528 4010 3 10-9-7-3
28.616 2 1 1 4 1 360 1 9,2801,8126 0 2 4-3-1
28.6187 2 1 1 3 11 360 1 2610,2991,6622 0 3 3-4-10-11
28.6613 2 1 2 2 9 66 10 8055,8155 8053 2 2-7-9
28.6865 2 0 1 1 17 360 1 452,771,4049 -1 -1 
28.6949 2 1 1 4 12 360 1 1676,5262,7896 1 5 4-3-7-8-14-12
28.7224 2 1 1 7 18 360 1 1727,1929,2106 2 4 7-9-10-11-18
28.7385 2 1 1 7 14 360 1 3542,5488,7829 0 2 7-8-14
28.7899 2 1 2 5 13 54 10 3183,5664 3213 9 5-4-10-11-18-19-17-16-15-13
28.806 2 1 1 3 8 360 1 3369,5067,7649 0 2 3-7-8
28.8689 2 1 2 8 16 258 10 4932,5058 4930 3 8-14-17-16
28.9209 2 1 1 11 5 360 1 3770,5473,6079 1 5 11-8-7-3-4-5
28.9524 2 1 2 13 2 240 10 99,5195 2428 7 13-15-16-17-14-8-7-2
29.0076 2 1 1 8 3 360 1 1992,7402,8233 1 2 8-7-3
29.0171 2 1 1 15 6 360 1 55,2600,7168 1 9 15-16-17-19-18-11-8-7-3-6
29.0237 2 1 1 7 8 360 1 1323,3116,8154 1 1 7-8
29.0497 2 1 1 8 11 360 1 189,1066,1782 0 1 8-11
29.0857 2 1 2 6 17 108 10 5258,8529 5256 5 6-3-7-8-14-17
29.1228 2 0 1 12 10 360 1 355,2263,4526 -1 -1 
29.1306 2 1 2 15 7 150 10 1318,3879 2054 4 15-12-14-8-7
29.1539 2 1 1 3 6 360 1 1231,4520,7101 0 1 3-6
29.1814 2 1 1 11 7 360 1 2555,7565,8175 1 2 11-8-7
29.2254 2 1 2 8 15 132 10 3257,7087 3267 3 8-14-12-15
29.254 2 1 1 10 12 360 1 1042,3762,5781 1 5 10-9-7-8-14-12
29.2715 2 1 1 1 4 360 1 2881,6173,7876 0 2 1-3-4
29.4036 2 1 1 5 18 360 1 304,1680,5016 2 4 5-4-10-11-18
29.4492 2 0 2 4 12 156 10 292,967 -1 -1 
29.492 2 1 2 17 18 126 10 716,7707 987 2 17-19-18
29.5132 2 1 1 4 12 360 1 3879,4454,5351 2 5 4-3-7-8-14-12
29.5648 2 1 1 5 6 360 1 4715,5361,6054 0 2 5-4-6
29.5719 2 1 1 12 16 360 1 1292,3526,5856 0 2 12-15-16
29.5936 2 1 1 8 16 360 1 1917,3719,4412 0 5 8-11-18-19-17-16
29.7918 2 1 1 5 10 360 1 289,457,8116 0 5 5-4-3-7-9-10
29.7944 2 1 1 2 14 360 1 300,645,6524 2 3 2-7-8-14
29.9861 2 1 2 14 16 72 10 5587,7985 5585 2 14-17-16
30.0278 3 1 1 9 5 360 1 1057,1084,6613 0 4 9-7-2-4-5
30.1643 3 1 1 2 5 360 1 3400,5412,7754 0 2 2-4-5
30.1861 3 1 1 7 16 360 1 161,1843,4978 2 7 7-9-10-11-18-19-17-16
30.2644 3 1 1 8 13 360 1 3185,3189,4463 2 7 8-11-18-19-17-16-15-13
30.3787 3 1 1 18 5 360 1 2205,2629,7041 0 4 18-11-10-4-5
30.3932 3 1 2 5 15 30 10 7405,8181 7402 7 5-4-10-11-8-14-12-15
30.4672 3 1 2 19 12 42 10 3292,3940 3289 3 19-17-14-12
30.4758 3 1 1 2 8 360 1 3721,5383,6716 1 5 2-7-9-10-11-8
30.7086 3 1 1 4 9 360 1 831,3021,6726 0 2 4-10-9
30.7406 3 1 1 8 5 360 1 1769,2229,4032 1 4 8-11-10-4-5
30.8923 3 1 1 1 19 360 1 2264,3367,4816 0 6 1-7-9-10-11-18-19
31.0036 3 1 2 14 12 12 10 1611,6145 1608 1 14-12
31.0416 3 1 1 13 6 360 1 405,2812,3616 2 9 13-15-16-17-19-18-11-10-4-6
31.0442 3 1 1 14 5 360 1 1421,3082,5181 2 10 14-17-19-18-11-10-9-7-3-4-5
31.1012 3 1 1 13 17 360 1 2805,3158,7446 0 3 13-15-16-17
31.1682 3 1 1 12 16 360 1 2198,4436,8065 1 2 12-15-16
31.1938 3 1 1 17 6 360 1 4303,6651,7200 1 5 17-14-8-7-3-6
31.2018 3 1 2 18 3 114 10 1019,3983 1057 4 18-11-10-4-3
31.28 3 1 1 6 1 360 1 2311,4771,6409 0 2 6-3-1
31.2821 3 1 1 14 10 360 1 515,3535,5775 1 8 14-12-15-16-17-19-18-11-10
31.2979 3 1 1 1 18 360 1 1022,7348,7710 1 4 1-7-8-11-18
31.3271 3 0 1 10 18 360 1 598,1577,3740 -1 -1 
31.3408 3 1 2 15 9 30 10 3823,4902 3820 5 15-12-14-8-7-9
31.3583 3 1 1 14 8 360 1 1644,7127,7928 1 1 14-8
31.4258 3 1 2 5 10 12 10 5167,6562 5164 2 5-4-10
31.5109 3 1 2 1 14 48 10 893,2770 920 3 1-7-8-14
31.5404 3 1 1 10 7 360 1 559,3021,5608 0 2 10-9-7
31.5789 3 1 1 15 16 360 1 1372,6886,7300 0 1 15-16
31.5868 3 1 1 2 14 360 1 3582,3616,4272 0 10 2-4-10-11-18-19-17-16-15-12-14
31.6293 3 1 1 15 8 360 1 470,6094,7246 1 6 15-16-17-19-18-11-8
31.6533 3 1 1 19 10 360 1 3620,3797,4427 0 3 19-18-11-10
31.6746 3 1 1 17 14 360 1 2178,4898,6514 1 1 17-14
31.6821 3 1 2 7 3 240 10 455,3006 452 1 7-3
31.7475 3 1 1 14 18 360 1 596,1997,6718 2 3 14-17-19-18
31.761 3 1 1 19 12 360 1 332,519,7137 2 3 19-17-14-12
31.776 3 1 1 1 2 360 1 2046,2366,5637 0 1 1-2
31.7848 3 1 1 12 16 360 1 1706,5211,6180 0 3 12-13-15-16
31.7848 3 0 1 14 5 360 1 684,2312,2508 -1 -1 
31.8392 3 1 1 1 6 360 1 199,4305,4555 0 2 1-3-6
31.9134 3 1 2 18 1 12 10 2107,4053 2104 5 18-11-10-4-3-1
31.921 3 1 1 5 17 360 1 1050,5625,7311 1 6 5-4-10-11-18-19-17
31.9651 3 1 1 16 15 360 1 1221,3321,6552 0 1 16-15
32.1062 3 1 1 4 13 360 1 1995,5273,7614 1 11 4-3-7-9-10-11-18-19-17-16-15-13
32.1232 3 1 2 17 19 312 10 897,6075 986 1 17-19
32.2583 3 1 2 11 5 12 10 51,4708 48 3 11-10-4-5
32.321 3 1 2 16 1 36 10 1621,7578 1700 5 16-17-14-8-7-1
32.3406 3 1 2 19 15 12 10 472,3408 469 4 19-17-14-12-15
32.3497 3 1 1 18 12 360 1 2311,3861,5089 2 4 18-19-17-14-12
32.4321 3 1 1 4 9 360 1 1547,4476,7237 0 3 4-3-7-9
32.4486 3 1 1 19 15 360 1 715,879,4626 2 3 19-17-16-15
32.4508 3 1 1 9 16 360 1 754,1870,4823 2 6 9-10-11-18-19-17-16
32.4727 3 1 1 15 9 360 1 1513,3955,5304 2 7 15-16-17-19-18-11-10-9
32.4915 3 1 2 18 10 36 10 3340,5621 3337 2 18-11-10
32.6248 3 1 2 19 6 36 10 3851,7861 3848 5 19-18-11-10-4-6
32.6281 3 1 2 17 9 102 10 1948,3402 2224 4 17-14-8-7-9
32.7187 3 1 2 14 18 12 10 1420,6389 1478 6 14-8-7-9-10-11-18
32.7586 3 1 1 1 7 360 1 5147,5251,7317 0 1 1-7
32.7844 3 1 1 13 3 360 1 4014,4726,8054 2 5 13-12-14-8-7-3
32.8086 3 0 1 12 5 360 1 597,2180,3028 -1 -1 
32.8913 3 1 1 3 19 360 1 850,3124,5749 2 5 3-4-10-11-18-19
32.8913 3 1 1 1 10 360 1 2501,2642,4983 0 3 1-7-9-10
33.0963 3 1 1 4 12 360 1 2787,4543,5508 2 5 4-10-11-8-14-12
33.125 3 1 1 8 15 360 1 3014,3599,7642 2 3 8-14-12-15
33.169 3 1 1 15 4 360 1 5511,7196,7214 0 6 15-12-14-8-11-10-4
33.1809 3 1 2 2 4 24 10 4118,6282 4115 1 2-4
33.3452 3 1 1 13 16 360 1 4139,5594,6404 0 2 13-15-16
33.4239 3 1 2 7 19 48 10 3122,4442 3119 6 7-3-4-10-11-18-19
33.4917 3 1 1 9 14 360 1 94,6954,7760 1 3 9-7-8-14
33.5763 3 1 2 19 5 12 10 1054,8169 1060 5 19-18-11-10-4-5
33.6388 3 1 1 17 19 360 1 5384,6143,6885 0 1 17-19
33.7211 3 1 1 5 1 360 1 3379,4320,6835 0 3 5-4-3-1
33.7301 3 1 1 5 3 360 1 730,4758,6947 0 2 5-4-3
33.7457 3 1 2 1 2 126 10 1035,7866 1032 1 1-2
33.764 3 1 2 6 13 96 10 4466,8101 4463 6 6-3-7-8-14-12-13
33.7706 3 1 1 19 13 360 1 1848,3643,8008 1 4 19-17-16-15-13
33.8746 3 1 2 3 13 42 10 863,6238 925 9 3-4-10-11-18-19-17-16-15-13
33.8898 3 1 1 15 16 360 1 3646,4616,6821 0 1 15-16
33.8949 3 1 1 7 5 360 1 1208,2689,5631 0 3 7-3-4-5
33.9409 3 0 1 3 17 360 1 412,1824,3681 -1 -1 
33.9561 3 1 2 7 16 12 10 8315,8433 8312 4 7-8-14-17-16
34.0003 3 1 1 8 17 360 1 137,4381,5933 2 4 8-11-18-19-17
34.2355 3 0 2 16 1 132 10 2452,3204 -1 -1 
34.2704 3 1 2 7 2 180 10 651,7199 648 1 7-2
34.2807 3 1 1 4 11 360 1 4744,6420,7752 1 2 4-10-11
34.2889 3 1 1 17 5 360 1 1018,4552,6787 2 6 17-19-18-11-10-4-5
34.3022 3 1 2 1 2 36 10 1106,7627 1103 1 1-2
34.4624 3 1 1 18 4 360 1 3386,4863,7363 0 3 18-11-10-4
34.5194 3 1 1 10 12 360 1 1612,6222,7363 1 4 10-11-8-14-12
34.5428 3 1 1 9 2 360 1 1554,2038,7735 0 2 9-7-2
34.621 3 1 2 17 3 24 10 1097,7963 1094 4 17-14-8-7-3
34.6478 3 1 1 11 8 360 1 2011,3204,6881 0 1 11-8
34.7709 3 1 1 12 11 360 1 2156,5574,7067 1 3 12-14-8-11
34.7719 3 1 1 1 6 360 1 2560,6024,7684 0 2 1-3-6
34.7724 3 1 1 2 16 360 1 908,6156,6603 1 7 2-4-10-11-18-19-17-16
34.8245 3 1 2 13 18 36 10 102,4357 99 5 13-12-14-17-19-18
34.8298 3 1 2 14 15 300 10 3123,4317 3331 3 14-17-16-15
34.9355 3 1 1 12 18 360 1 3122,4813,7988 1 4 12-14-17-19-18
34.9591 3 1 1 2 16 360 1 2920,5943,8278 1 7 2-4-10-11-18-19-17-16
35.0251 3 1 1 2 19 360 1 1768,4013,5202 2 6 2-7-9-10-11-18-19
35.1896 3 1 2 12 3 30 10 2690,4851 2687 4 12-14-8-7-3
35.2637 3 1 1 7 6 360 1 804,1892,6854 0 3 7-2-4-6
35.2931 3 1 1 15 3 360 1 2628,2997,5934 2 8 15-16-17-19-18-11-8-7-3
35.4484 3 1 1 5 12 360 1 1193,3081,5284 2 11 5-4-3-7-9-10-11-18-19-17-14-12
35.4615 3 1 2 8 10 186 10 456,4293 574 2 8-11-10
35.5861 3 1 1 5 13 360 1 887,4402,5668 2 7 5-4-10-11-8-14-12-13
35.6423 3 1 2 10 2 102 10 2155,3871 2326 3 10-9-7-2
35.6761 3 0 1 19 16 360 1 1165,3044,4351 -1 -1 
35.6859 3 1 1 4 16 360 1 592,2928,6393 2 6 4-10-11-18-19-17-16
35.7389 3 1 1 4 3 360 1 2768,5074,7752 0 1 4-3
35.7405 3 1 1 15 8 360 1 608,5937,7186 1 6 15-16-17-19-18-11-8
35.7643 3 1 1 17 5 360 1 153,4541,6839 2 6 17-19-18-11-10-4-5
35.7819 3 1 1 9 11 360 1 918,3561,4456 1 3 9-7-8-11
35.8789 3 1 1 4 11 360 1 246,2934,4144 1 4 4-3-7-8-11
35.886 3 1 2 2 13 24 10 3123,8064 3123 9 2-7-8-11-18-19-17-16-15-13
35.9548 3 1 2 18 6 30 10 1406,3511 1480 7 18-19-17-14-8-7-3-6
36.0159 3 1 2 5 14 18 10 456,3068 456 5 5-4-3-7-8-14
36.0303 3 1 2 19 12 18 10 7441,8608 7438 3 19-17-14-12
36.0453 3 1 1 5 7 360 1 1572,2695,2712 0 3 5-4-3-7
36.077 3 1 2 13 11 84 10 5022,7084 5019 6 13-15-16-17-19-18-11
36.0822 3 1 1 16 12 360 1 1245,6557,6658 0 2 16-15-12
36.1624 3 1 2 9 14 18 10 1157,6080 1154 3 9-7-8-14
36.2093 3 1 1 17 5 360 1 2932,5131,6316 1 6 17-19-18-11-10-4-5
36.2344 3 1 1 17 4 360 1 228,1766,7856 2 5 17-19-18-11-10-4
36.3566 3 1 2 19 11 12 10 864,6728 861 2 19-18-11
36.4741 3 1 1 12 7 360 1 2412,2814,3399 2 3 12-14-8-7
36.5263 3 1 2 11 2 330 10 201,6323 3279 3 11-8-7-2
36.5881 3 1 2 14 12 36 10 1120,3128 1117 1 14-12
36.5954 3 1 2 10 19 18 10 1071,2099 1072 3 10-11-18-19
36.663 3 1 1 15 3 360 1 6700,7491,8211 0 5 15-12-14-8-7-3
36.6952 3 1 2 19 17 12 10 3014,6820 3011 1 19-17
36.8869 3 1 1 3 10 360 1 591,3824,6217 0 2 3-4-10
36.9189 3 1 1 15 5 360 1 2831,4205,7754 2 7 15-12-14-8-11-10-4-5
36.9385 3 1 2 17 6 60 10 701,5103 968 5 17-14-8-7-3-6
36.9483 3 0 1 6 18 360 1 1482,2098,4749 -1 -1 
36.9767 3 1 1 4 17 360 1 1503,2090,6002 2 5 4-10-11-18-19-17
37.0333 3 1 2 17 2 36 10 5704,5882 5701 4 17-14-8-7-2
37.0422 3 1 1 10 12 360 1 4551,4953,5054 1 6 10-11-18-19-17-14-12
37.0585 3 0 1 2 15 360 1 3663,3740,5380 -1 -1 
37.0775 3 1 1 6 3 360 1 2906,3376,7748 0 1 6-3
37.1131 3 1 2 8 15 162 10 90,6322 3331 3 8-14-12-15
37.2214 3 1 2 1 18 156 10 118,3210 606 4 1-7-8-11-18
37.2222 3 1 2 18 17 96 10 1032,6081 1112 2 18-19-17
37.2349 3 1 1 1 4 360 1 1279,1677,3191 0 2 1-3-4
37.321 3 1 1 13 10 360 1 558,2476,7701 2 5 13-12-14-8-11-10
37.3855 3 1 1 12 3 360 1 6101,6329,7205 0 8 12-14-17-19-18-11-8-7-3
37.5154 3 1 1 5 16 360 1 218,583,6163 2 7 5-4-10-11-18-19-17-16
37.5534 3 1 1 12 1 360 1 1501,2339,5005 2 9 12-14-17-19-18-11-10-9-7-1
37.5858 3 1 2 15 8 114 10 4742,6202 4739 6 15-16-17-19-18-11-8
37.674 3 1 1 15 17 360 1 1965,6255,7631 0 2 15-16-17
37.689 3 1 2 19 4 84 10 1072,6161 1742 4 19-18-11-10-4
37.7319 3 1 2 7 13 12 10 3114,3507 3111 8 7-8-11-18-19-17-16-15-13
37.746 3 1 1 5 17 360 1 1610,2623,7525 2 6 5-4-10-11-18-19-17
37.7516 3 0 1 18 7 360 1 720,975,3001 -1 -1 
37.7578 3 1 1 15 7 360 1 5030,6226,7800 1 4 15-12-14-8-7
37.7694 3 1 1 4 7 360 1 5258,7997,8255 0 2 4-3-7
37.8332 3 1 1 10 5 360 1 1107,4150,7547 0 2 10-4-5
37.853 3 1 1 15 6 360 1 145,6594,7058 1 6 15-12-14-8-7-3-6
38.0019 3 1 2 1 4 12 10 1557,6714 1554 2 1-3-4
38.0678 3 1 1 11 19 360 1 1585,4355,4361 0 2 11-18-19
38.0829 3 1 1 4 8 360 1 2264,4384,6229 2 3 4-10-11-8
38.1441 3 1 2 5 8 12 10 5749,8511 5746 4 5-4-10-11-8
38.1674 3 1 1 6 3 360 1 318,2438,5965 0 1 6-3
38.2552 3 1 1 8 4 360 1 3141,3772,7492 2 3 8-11-10-4
38.31 3 1 1 7 16 360 1 199,6418,7241 1 4 7-8-14-17-16
38.3354 3 1 2 3 4 66 10 853,4085 850 1 3-4
38.363 3 1 1 15 8 360 1 1333,7851,8270 1 3 15-12-14-8
38.3887 3 1 2 4 10 114 10 2543,7186 2540 4 4-3-7-9-10
38.4278 3 1 2 6 14 30 10 2497,4007 2494 4 6-3-7-8-14
38.5771 3 1 1 15 19 360 1 5137,5233,7172 0 3 15-16-17-19
38.5788 3 1 1 3 9 360 1 4269,4829,6230 0 3 3-1-7-9
38.6489 3 1 2 19 12 18 10 3088,6943 3085 4 19-17-16-15-12
38.6558 3 0 1 4 16 360 1 480,1821,4377 -1 -1 
38.6588 3 1 2 14 19 132 10 1561,8448 1558 2 14-17-19
38.7581 3 1 1 16 4 360 1 3595,4398,7447 2 6 16-17-19-18-11-10-4
38.7973 3 1 2 8 9 174 10 2207,7237 2428 3 8-11-10-9
38.7976 3 1 2 11 3 294 10 580,6854 4088 3 11-8-7-3
38.8268 3 1 1 4 7 360 1 1229,3038,7118 0 2 4-3-7
38.8985 3 1 1 4 3 360 1 3063,5162,6104 0 1 4-3
38.8996 3 1 1 7 3 360 1 1095,1416,4341 0 1 7-3
39.0067 3 1 1 13 14 360 1 1063,3595,3727 0 2 13-12-14
39.0317 3 1 1 15 4 360 1 2834,6027,7224 1 7 15-16-17-19-18-11-10-4
39.0363 3 1 1 16 3 360 1 4329,4641,7443 2 5 16-17-14-8-7-3
39.0885 3 1 1 2 1 360 1 6775,7254,8069 0 1 2-1
39.0942 3 0 1 3 18 360 1 815,2993,4950 -1 -1 
39.1016 3 1 1 12 2 360 1 1709,1921,6899 2 4 12-14-8-7-2
39.1255 3 1 1 19 6 360 1 218,2861,7505 2 5 19-18-11-10-4-6
39.1508 3 1 2 14 4 36 10 4875,7666 4872 4 14-8-11-10-4
39.1559 3 0 2 19 1 354 10 2108,3520 -1 -1 
39.2417 3 1 1 2 18 360 1 419,6666,7946 1 4 2-4-10-11-18
39.315 3 1 2 13 3 12 10 2618,8302 2615 7 13-12-14-8-11-10-4-3
39.3394 3 1 1 9 2 360 1 980,1090,6221 0 2 9-7-2
39.3397 3 1 2 18 9 210 10 1712,7774 3505 3 18-11-10-9
39.3496 3 1 1 7 10 360 1 314,857,4470 0 2 7-9-10
39.3514 3 1 1 7 11 360 1 4452,7125,7819 1 2 7-8-11
39.3625 3 1 1 14 8 360 1 2056,4372,5545 2 5 14-17-19-18-11-8
39.3816 3 1 1 1 16 360 1 1816,1825,5990 2 7 1-7-8-11-18-19-17-16
39.5119 3 1 2 10 5 18 10 3545,6021 3542 2 10-4-5
39.5869 3 1 1 8 18 360 1 3069,4786,5442 2 2 8-11-18
39.637 3 1 1 11 8 360 1 85,2841,6705 2 1 11-8
39.6843 3 0 1 16 4 360 1 1042,2009,2104 -1 -1 
39.7347 3 1 1 14 6 360 1 3396,4372,6572 2 4 14-8-7-3-6
39.7995 3 1 1 10 5 360 1 4168,7338,7644 1 2 10-4-5
39.8973 3 1 1 7 2 360 1 645,1451,5383 0 1 7-2
39.9786 3 1 1 6 5 360 1 1829,3040,3992 0 2 6-4-5
39.9878 3 1 1 7 9 360 1 4912,4921,6928 0 1 7-9
39.9973 3 0 1 15 19 360 1 2234,3038,4863 -1 -1 
40.0918 4 1 1 18 6 360 1 289,2777,6310 2 5 18-11-8-7-3-6
40.0983 4 1 1 4 10 360 1 410,1774,3665 0 5 4-6-3-7-9-10
40.1023 4 1 2 17 6 144 10 4832,7706 4829 6 17-19-18-11-10-4-6
40.1374 4 1 1 2 12 360 1 4132,6172,7208 1 4 2-7-8-14-12
40.1876 4 0 1 14 1 360 1 551,4601,5122 -1 -1 
40.286 4 1 1 17 12 360 1 2572,4283,6649 0 2 17-14-12
40.3033 4 1 1 9 15 360 1 2189,7066,7543 1 5 9-7-8-14-12-15
40.3166 4 1 1 19 6 360 1 709,1921,6412 2 6 19-17-14-8-7-3-6
40.3193 4 1 1 7 1 360 1 2625,4599,5310 0 1 7-1
40.373 4 1 1 5 13 360 1 4427,6283,8086 1 7 5-4-3-7-8-14-12-13
40.41 4 1 1 8 12 360 1 4008,4334,6642 2 2 8-14-12
40.4843 4 1 2 19 4 18 10 3098,5176 3094 4 19-18-11-10-4
40.5291 4 0 1 1 17 360 1 884,3766,4821 -1 -1 
40.6253 4 1 1 16 10 360 1 1713,4217,7234 2 5 16-17-19-18-11-10
40.7105 4 1 1 11 9 360 1 5537,7500,8097 1 2 11-10-9
40.7147 4 1 1 7 13 360 1 4179,6564,7448 1 4 7-8-14-12-13
41.0002 4 1 1 18 8 360 1 138,4387,7770 2 2 18-11-8
41.0146 4 1 2 13 8 318 10 2713,7686 3972 3 13-12-14-8
41.1059 4 1 1 3 8 360 1 1302,3710,6238 2 2 3-7-8
41.1797 4 0 1 4 17 360 1 401,1681,3135 -1 -1 
41.2977 4 1 1 12 8 360 1 3182,5312,6233 2 2 12-14-8
41.3262 4 1 1 5 6 360 1 574,7098,7642 0 2 5-4-6
41.4398 4 1 1 16 11 360 1 272,7871,8049 1 4 16-17-19-18-11
41.5143 4 1 1 15 11 360 1 1302,6986,7865 1 4 15-12-14-8-11
41.5178 4 1 1 5 18 360 1 2095,4717,7416 2 4 5-4-10-11-18
41.6694 4 1 1 13 12 360 1 3461,5155,5624 0 1 13-12
41.7193 4 1 1 6 3 360 1 3062,6053,6220 0 1 6-3
41.9132 4 1 1 1 8 360 1 1380,1765,6142 2 2 1-7-8
42.0285 4 1 1 2 7 360 1 1337,2027,7992 0 1 2-7
42.0482 4 1 2 15 4 132 10 2036,8225 4327 6 15-12-14-8-7-2-4
42.0525 4 0 1 16 5 360 1 2309,4073,4728 -1 -1 
42.0759 4 1 1 15 9 360 1 1715,3455,7408 2 5 15-12-14-8-7-9
42.1401 4 1 1 7 12 360 1 3126,4216,8214 2 3 7-8-14-12
42.1693 4 1 1 5 10 360 1 5720,6459,7902 0 2 5-4-10
42.2085 4 0 1 11 5 360 1 1985,4268,4477 -1 -1 
42.2104 4 1 1 14 3 360 1 3505,6098,8205 1 7 14-17-19-18-11-8-7-3
42.2339 4 1 1 3 5 360 1 749,1758,4828 0 2 3-4-5
42.3195 4 1 1 3 4 360 1 893,1190,3749 0 1 3-4
42.4348 4 0 1 13 5 360 1 2704,4351,5241 -1 -1 
42.5163 4 1 1 8 5 360 1 61,6857,7498 1 4 8-11-10-4-5
42.6329 4 1 2 1 5 264 10 3545,4115 3541 3 1-3-4-5
42.7177 4 1 1 3 15 360 1 3883,5996,8121 1 8 3-4-10-11-18-19-17-16-15
42.7602 4 1 1 9 11 360 1 238,2450,5733 2 2 9-10-11
42.82 4 1 1 13 16 360 1 1030,2708,5226 0 2 13-15-16
42.8449 4 0 2 3 18 138 10 731,1858 -1 -1 
42.8701 4 1 2 8 12 60 10 2918,6156 3146 8 8-11-18-19-17-16-15-13-12
42.9088 4 1 2 17 15 72 10 84,8249 80 2 17-16-15
42.9913 4 1 1 6 11 360 1 1302,3675,6067 2 3 6-4-10-11
43.0076 4 1 1 6 13 360 1 191,7105,8174 1 6 6-3-7-8-14-12-13
43.0328 4 1 1 12 9 360 1 5689,6176,7649 0 7 12-14-17-19-18-11-10-9
43.0528 4 1 1 6 3 360 1 1031,7518,7701 0 1 6-3
43.1766 4 0 1 19 8 360 1 862,1121,2069 -1 -1 
43.1841 4 1 1 16 14 360 1 862,2711,6324 0 3 16-15-12-14
43.2126 4 1 1 14 19 360 1 3803,5865,7500 1 2 14-17-19
43.2219 4 1 1 13 7 360 1 3001,6846,7670 1 4 13-12-14-8-7
43.2787 4 1 1 17 12 360 1 1416,1758,4676 0 3 17-16-15-12
43.358 4 1 1 3 10 360 1 338,5357,6554 0 3 3-7-9-10
43.3604 4 1 1 12 11 360 1 1465,5057,7331 2 3 12-14-8-11
43.431 4 1 1 14 2 360 1 5236,6981,8124 1 3 14-8-7-2
43.5355 4 1 1 8 4 360 1 2959,6720,7955 1 3 8-11-10-4
43.6117 4 1 1 11 10 360 1 952,1045,5746 2 1 11-10
43.6783 4 1 1 5 3 360 1 1474,5102,7861 0 2 5-4-3
43.7233 4 1 1 6 9 360 1 2063,3340,8176 0 3 6-4-10-9
43.7585 4 0 1 12 6 360 1 1232,2256,3588 -1 -1 
43.8073 4 0 1 1 18 360 1 2869,4192,6313 -1 -1 
43.8698 4 0 1 18 10 360 1 631,777,3812 -1 -1 
43.9127 4 1 2 6 11 84 10 437,4812 466 3 6-4-10-11
43.9303 4 0 1 12 4 360 1 839,2871,5330 -1 -1 
43.9897 4 1 1 4 17 360 1 1535,3835,7635 2 5 4-10-11-18-19-17
44.0089 4 0 2 12 6 114 10 543,601 -1 -1 
44.076 4 1 1 12 6 360 1 2012,3122,8027 2 5 12-14-8-7-3-6
44.127 4 1 1 1 19 360 1 2903,6205,7248 2 5 1-7-8-11-18-19
44.1579 4 1 2 12 2 144 10 2122,8444 4411 9 12-15-16-17-19-18-11-10-4-2
44.2823 4 1 2 6 16 330 10 1092,5657 5329 9 6-4-2-7-8-11-18-19-17-16
44.3064 4 1 2 3 6 36 10 1875,7172 1871 1 3-6
44.4065 4 1 1 18 2 360 1 5177,6024,7714 1 4 18-11-10-4-2
44.4814 4 1 2 19 15 348 10 3719,8005 5334 4 19-17-14-12-15
44.4994 4 1 2 12 3 90 10 843,7289 1171 6 12-14-8-11-10-4-3
44.5291 4 1 1 11 5 360 1 925,3147,7339 2 3 11-10-4-5
44.5969 4 0 1 3 13 360 1 2857,4708,5551 -1 -1 
44.6345 4 1 1 2 10 360 1 3677,6720,7739 0 3 2-7-9-10
44.8087 4 1 2 4 2 12 10 4084,7266 4080 1 4-2
44.8346 4 1 1 19 1 360 1 302,4804,5817 2 5 19-18-11-8-7-1
44.9708 4 0 1 12 7 360 1 2431,3883,4486 -1 -1 
45.0249 4 1 2 19 11 48 10 5293,7288 5335 2 19-18-11
45.0611 4 1 1 15 19 360 1 2466,3663,7901 1 3 15-16-17-19
45.0963 4 1 1 14 15 360 1 1924,4818,7028 1 2 14-12-15
45.1316 4 1 1 13 11 360 1 6254,7400,7408 0 4 13-12-14-8-11
45.1357 4 1 1 16 11 360 1 5076,7134,7917 1 4 16-17-19-18-11
45.3592 4 0 1 1 12 360 1 935,1955,5393 -1 -1 
45.5023 4 0 1 8 5 360 1 258,3891,4157 -1 -1 
45.5996 4 0 1 3 17 360 1 606,3135,5344 -1 -1 
45.6037 4 1 2 6 2 24 10 1528,6747 1524 2 6-4-2
45.6119 4 1 2 5 4 12 10 5301,6571 5297 1 5-4
45.6296 4 1 2 19 7 246 10 420,8144 5687 5 19-18-11-10-9-7
45.6494 4 1 2 14 19 48 10 3261,8392 3330 2 14-17-19
45.7017 4 1 1 8 13 360 1 756,2855,5856 2 7 8-11-18-19-17-16-15-13
45.7056 4 1 2 18 4 24 10 1152,5940 1217 3 18-11-10-4
45.7505 4 1 1 10 19 360 1 241,6331,7536 2 3 10-11-18-19
45.8061 4 1 1 3 5 360 1 5135,7872,7933 0 2 3-4-5
46.0657 4 1 1 3 6 360 1 2488,3282,7057 0 1 3-6
46.0707 4 1 2 5 15 12 10 2636,5731 2666 7 5-4-3-7-8-14-12-15
46.1277 4 1 2 10 5 72 10 1243,3203 1239 5 10-9-7-3-4-5
46.129 4 1 1 17 13 360 1 1582,4915,7330 0 3 17-16-15-13
46.233 4 1 1 1 4 360 1 2799,3972,4545 0 2 1-3-4
46.3016 4 0 1 15 3 360 1 4162,4378,4648 -1 -1 
46.3023 4 0 1 17 11 360 1 470,1330,5525 -1 -1 
46.3185 4 1 1 12 17 360 1 948,2409,5390 0 3 12-15-16-17
46.4122 4 1 1 3 7 360 1 2196,3259,6396 0 1 3-7
46.4483 4 1 2 6 18 12 10 4802,7265 4851 4 6-4-10-11-18
46.5887 4 1 1 15 17 360 1 3644,5678,7025 0 2 15-16-17
46.5928 4 1 1 13 7 360 1 2906,4490,6784 2 4 13-12-14-8-7
46.5949 4 1 1 14 7 360 1 4191,6074,7136 1 7 14-17-19-18-11-10-9-7
46.6073 4 1 1 12 16 360 1 91,5683,6459 1 2 12-15-16
46.6075 4 1 1 15 18 360 1 3185,6241,7697 1 4 15-16-17-19-18
46.6652 4 1 1 8 10 360 1 2479,2980,6827 2 2 8-11-10
46.6697 4 1 2 10 4 288 10 5511,7595 5687 1 10-4
46.7469 4 1 2 11 7 24 10 3961,7953 3967 3 11-10-9-7
46.8408 4 1 1 7 5 360 1 66,401,3166 0 3 7-3-4-5
46.925 4 1 1 11 6 360 1 1915,5816,7897 2 3 11-10-4-6
46.9363 4 1 2 13 12 132 10 6062,7814 6058 1 13-12
46.9605 4 1 2 7 12 96 10 854,6609 3972 3 7-8-14-12
46.9671 4 1 1 5 2 360 1 351,2796,5524 0 2 5-4-2
46.9937 4 1 2 12 7 60 10 2808,4475 3657 7 12-14-17-19-18-11-8-7
47.0111 4 1 1 1 2 360 1 4350,4433,7550 0 1 1-2
47.0248 4 1 1 8 16 360 1 2067,6603,6962 1 3 8-14-17-16
47.0623 4 1 1 19 1 360 1 93,1960,8168 2 5 19-17-14-8-7-1
47.1038 4 1 1 17 11 360 1 5737,5815,7215 0 3 17-19-18-11
47.1426 4 1 1 10 2 360 1 587,6017,7046 0 5 10-9-7-3-4-2
47.2331 4 1 2 16 17 18 10 2745,4246 2741 4 16-15-12-14-17
47.3865 4 1 1 12 10 360 1 2278,7515,7725 1 4 12-14-8-11-10
47.3972 4 1 1 6 5 360 1 2238,4294,5838 0 2 6-4-5
47.5145 4 1 1 7 2 360 1 1325,3389,4625 0 1 7-2
47.5505 4 1 1 2 9 360 1 4153,4336,7760 0 2 2-7-9
47.6653 4 1 1 8 17 360 1 1164,5269,7431 2 2 8-14-17
47.7126 4 1 1 16 10 360 1 4970,5800,6696 2 5 16-17-19-18-11-10
47.7321 4 1 2 19 13 30 10 917,5948 1234 6 19-18-11-8-14-12-13
47.7487 4 1 1 17 1 360 1 2473,5542,7861 2 4 17-14-8-7-1
47.9274 4 1 1 1 9 360 1 1857,1885,5174 2 2 1-7-9
47.9442 4 1 1 6 18 360 1 4094,4165,6923 2 4 6-4-10-11-18
48.0381 4 1 2 16 14 222 10 2915,6744 3792 2 16-17-14
48.1267 4 1 2 19 17 12 10 1520,2074 1516 1 19-17
48.2078 4 1 1 18 19 360 1 4664,5406,5646 2 1 18-19
48.2157 4 1 1 14 12 360 1 5833,6982,7202 0 1 14-12
48.219 4 0 1 6 19 360 1 2348,3838,4202 -1 -1 
48.3166 4 0 1 16 10 360 1 36,2133,3076 -1 -1 
48.3594 4 1 1 4 7 360 1 887,3705,5555 0 2 4-2-7
48.526 4 1 2 10 4 24 10 1157,2173 1153 1 10-4
48.5495 4 1 1 3 4 360 1 1367,3228,7167 0 1 3-4
48.5636 4 1 2 12 11 294 10 679,5983 5757 3 12-14-8-11
48.6295 4 0 1 19 8 360 1 92,1986,6159 -1 -1 
48.6366 4 1 2 18 3 72 10 5408,6374 5530 4 18-11-8-7-3
48.6469 4 1 1 4 6 360 1 41,2029,5029 0 1 4-6
48.79 4 1 2 1 13 24 10 196,3579 212 5 1-7-8-14-12-13
48.8677 4 1 1 13 18 360 1 1763,4455,6284 2 5 13-15-16-17-19-18
48.8755 4 1 2 3 10 318 10 707,7637 712 5 3-4-2-7-9-10
48.9109 4 0 1 15 8 360 1 24,368,2386 -1 -1 
48.9206 4 0 2 18 14 72 10 1976,2000 -1 -1 
48.9312 4 1 1 9 8 360 1 1628,5289,6889 2 2 9-7-8
48.943 4 1 1 12 14 360 1 3567,3610,4770 2 1 12-14
48.9668 4 1 1 19 18 360 1 5046,6605,7924 1 1 19-18
49.1174 4 1 2 7 3 12 10 6603,7959 6599 1 7-3
49.1374 4 1 1 18 9 360 1 2043,2746,7572 2 3 18-11-10-9
49.1461 4 1 1 15 19 360 1 1501,6827,7640 1 3 15-16-17-19
49.1823 4 1 1 5 13 360 1 450,6762,8035 1 7 5-4-10-11-8-14-12-13
49.2199 4 1 1 12 13 360 1 1666,3104,6652 0 1 12-13
49.2845 4 1 2 12 3 12 10 750,1861 768 8 12-14-17-19-18-11-8-7-3
49.2879 4 1 2 12 18 102 10 1944,3715 2064 6 12-13-15-16-17-19-18
49.33 4 1 2 1 14 48 10 354,8109 350 3 1-7-8-14
49.466 4 1 1 2 6 360 1 1427,4341,5556 0 2 2-4-6
49.5599 4 1 1 10 9 360 1 25,731,3750 0 1 10-9
49.6025 4 1 1 18 15 360 1 5516,5915,7153 1 5 18-19-17-14-12-15
49.6714 4 1 1 16 10 360 1 2081,3359,7139 2 5 16-17-19-18-11-10
49.6919 4 1 2 16 12 66 10 2948,8523 2944 2 16-15-12
49.7234 4 1 1 6 7 360 1 17,5049,5448 0 2 6-3-7
49.7319 4 1 1 15 9 360 1 4896,7608,7975 1 5 15-12-14-8-7-9
49.8109 4 1 1 10 15 360 1 2627,5901,6936 2 5 10-11-8-14-12-15
49.817 4 1 1 3 15 360 1 933,5089,6833 2 5 3-7-8-14-12-15
49.8421 4 0 1 17 10 360 1 3026,3482,5500 -1 -1 
49.8876 4 1 1 16 18 360 1 1144,6543,7088 1 3 16-17-19-18
49.914 4 1 2 15 3 138 10 6217,8108 6515 8 15-16-17-19-18-11-8-7-3
49.9657 4 1 1 13 8 360 1 495,2431,8166 2 3 13-12-14-8
49.9738 4 0 1 8 2 360 1 2494,5330,5473 -1 -1 
49.9932 4 0 1 13 8 360 1 2689,3552,4574 -1 -1 
50.0869 5 1 2 9 17 60 10 1314,4642 1400 4 9-7-8-14-17
