Arr_rate Arr_Time  arr_TS  is_acc  is_USST src  dest  dur  rate  ARopt  selectedOp  pathLen  path
0.0126352 0 1 2 7 6 12 10 1773,1905 1773 2 7-3-6
0.049159 0 1 1 16 5 360 1 5936,6554,7305 0 7 16-17-19-18-11-10-4-5
0.0700484 0 1 2 18 11 318 10 710,4230 710 1 18-11
0.102404 0 1 2 7 2 102 10 4312,5728 4312 1 7-2
0.107891 0 1 1 1 14 360 1 4177,6607,6612 0 3 1-7-8-14
0.131456 0 1 2 1 8 234 10 5102,5586 5102 2 1-7-8
0.148255 0 1 1 13 18 360 1 3558,4437,4875 0 5 13-15-16-17-19-18
0.205392 0 1 1 14 11 360 1 1759,3839,3976 0 2 14-8-11
0.221866 0 1 1 15 10 360 1 1127,2427,6534 0 5 15-12-14-8-11-10
0.345163 0 1 1 1 7 360 1 2004,3199,3314 0 1 1-7
0.369096 0 1 1 19 11 360 1 2519,2543,5719 0 2 19-18-11
0.371381 0 1 1 7 4 360 1 352,2363,7939 0 2 7-3-4
0.397215 0 1 1 1 6 360 1 5306,5380,5682 0 2 1-3-6
0.41264 0 1 1 5 11 360 1 1085,6956,7142 0 3 5-4-10-11
0.417819 0 1 1 14 10 360 1 33,1635,2351 0 3 14-8-11-10
0.441172 0 1 1 4 13 360 1 986,3420,4809 0 6 4-10-11-8-14-12-13
0.487493 0 1 2 10 4 354 10 4033,8152 4033 1 10-4
0.58038 0 1 1 17 6 360 1 3487,4773,5521 0 5 17-14-8-7-3-6
0.613477 0 1 1 16 10 360 1 1166,1246,7024 0 5 16-17-19-18-11-10
0.615807 0 1 1 16 1 360 1 3772,5350,7624 0 5 16-17-14-8-7-1
0.631672 0 1 2 4 9 12 10 122,4552 122 2 4-10-9
0.714522 0 1 1 14 7 360 1 1888,3033,4111 0 2 14-8-7
0.745797 0 1 2 2 5 18 10 2266,7505 2266 2 2-4-5
0.78671 0 1 1 19 11 360 1 6027,6842,7780 0 2 19-18-11
0.796901 0 1 1 18 10 360 1 1038,7762,7911 0 2 18-11-10
0.802689 0 1 2 17 15 96 10 2293,3313 2293 2 17-16-15
0.808355 0 1 1 3 18 360 1 789,1396,7877 0 4 3-4-10-11-18
0.83217 0 1 2 15 19 72 10 1071,5066 1071 3 15-16-17-19
0.861369 0 1 1 8 13 360 1 1267,4189,7087 0 3 8-14-12-13
0.940317 0 1 2 12 15 102 10 375,639 375 1 12-15
0.990093 0 1 1 1 18 360 1 4225,6053,7291 0 4 1-7-8-11-18
0.993669 0 1 1 18 6 360 1 16,4066,6874 0 4 18-11-10-4-6
1.04348 0 1 1 7 4 360 1 566,879,4224 0 2 7-3-4
1.08542 0 1 1 3 7 360 1 1790,2502,3606 0 1 3-7
1.09572 0 1 2 7 4 30 10 1468,5244 1468 2 7-3-4
1.10044 0 1 2 11 6 228 10 155,3994 155 3 11-10-4-6
1.12031 0 1 2 6 7 162 10 6042,7627 6042 2 6-3-7
1.13299 0 1 2 16 4 36 10 6002,8184 6002 6 16-17-19-18-11-10-4
1.15839 0 1 1 8 13 360 1 1548,5269,5530 0 3 8-14-12-13
1.18417 0 1 1 12 4 360 1 706,2768,2958 0 5 12-14-8-11-10-4
1.19605 0 1 1 10 5 360 1 339,6085,7025 0 2 10-4-5
1.20308 0 1 1 14 8 360 1 1864,2433,6478 0 1 14-8
1.21148 0 1 1 5 16 360 1 35,3367,4712 0 7 5-4-10-11-18-19-17-16
1.21578 0 1 1 14 11 360 1 2261,4498,7050 0 2 14-8-11
1.3046 0 1 2 7 15 54 10 5922,6059 5922 4 7-8-14-12-15
1.32623 0 1 1 16 1 360 1 2523,3477,6123 0 5 16-17-14-8-7-1
1.41061 0 1 2 7 6 30 10 2013,5890 2013 2 7-3-6
1.51841 0 1 2 13 10 228 10 2673,4496 2673 5 13-12-14-8-11-10
1.60903 0 1 1 9 18 360 1 4192,7509,8258 0 3 9-10-11-18
1.6204 0 1 1 9 18 360 1 342,2134,3544 0 3 9-10-11-18
1.62194 0 1 1 6 9 360 1 865,2291,5834 0 3 6-4-10-9
1.6247 0 1 2 11 19 30 10 2317,2624 2317 2 11-18-19
1.68196 0 1 1 12 3 360 1 3826,4899,6867 0 4 12-14-8-7-3
1.68607 0 1 1 7 6 360 1 758,6439,7375 0 2 7-3-6
1.69525 0 1 2 18 8 114 10 3224,4999 3224 2 18-11-8
1.7401 0 1 1 3 13 360 1 676,6703,7209 0 5 3-7-8-14-12-13
1.75906 0 1 2 4 1 234 10 92,7250 92 2 4-3-1
1.78287 0 1 1 12 7 360 1 2982,3629,7336 0 3 12-14-8-7
1.80979 0 1 1 10 16 360 1 127,6544,7132 0 5 10-11-18-19-17-16
1.82116 0 1 2 5 14 48 10 962,4241 962 5 5-4-10-11-8-14
1.83411 0 1 1 15 6 360 1 2814,4723,7281 0 6 15-12-14-8-7-3-6
1.83519 0 1 1 12 19 360 1 2516,5493,6972 0 3 12-14-17-19
1.84865 0 1 1 8 16 360 1 1178,1913,5710 0 3 8-14-17-16
1.85061 0 1 1 9 5 360 1 2324,2982,7521 0 3 9-10-4-5
1.90305 0 1 2 1 15 18 10 7709,8255 7709 5 1-7-8-14-12-15
1.94723 0 1 1 1 4 360 1 456,917,6733 0 2 1-3-4
1.96814 0 1 1 11 10 360 1 1682,1888,7919 0 1 11-10
2.00304 0 1 1 16 12 360 1 3495,4548,4950 0 2 16-15-12
2.02788 0 1 1 15 11 360 1 682,1089,4414 0 4 15-12-14-8-11
2.09102 0 1 1 3 14 360 1 838,4639,5003 0 3 3-7-8-14
2.10559 0 1 1 3 8 360 1 145,1298,7320 0 2 3-7-8
2.11141 0 1 1 9 14 360 1 2843,4907,6314 0 3 9-7-8-14
2.11813 0 1 1 18 8 360 1 136,3290,6950 0 2 18-11-8
2.11887 0 1 1 17 10 360 1 1908,3879,5668 0 4 17-19-18-11-10
2.13734 0 1 1 13 4 360 1 702,6234,6383 0 6 13-12-14-8-11-10-4
2.17266 0 1 1 12 16 360 1 1813,2922,6586 0 2 12-15-16
2.18462 0 1 1 1 17 360 1 2215,5972,6059 0 4 1-7-8-14-17
2.18471 0 1 2 8 16 114 10 2080,8131 2080 3 8-14-17-16
2.20391 0 1 1 10 1 360 1 5309,5649,6373 0 3 10-9-7-1
2.23609 0 1 2 13 18 42 10 4688,5985 4688 5 13-15-16-17-19-18
2.24011 0 1 1 11 2 360 1 647,3443,4906 0 3 11-8-7-2
2.25407 0 1 2 16 13 18 10 4688,6872 4688 2 16-15-13
2.27712 0 1 1 16 1 360 1 2537,7409,7649 0 5 16-17-14-8-7-1
2.31952 0 1 1 11 5 360 1 2828,4722,5009 0 3 11-10-4-5
2.35884 0 1 1 3 16 360 1 1885,4539,6965 0 5 3-7-8-14-17-16
2.41237 0 1 2 16 11 240 10 1835,7238 1835 4 16-17-19-18-11
2.51434 0 1 1 3 9 360 1 1779,5790,6025 0 2 3-7-9
2.5658 0 1 1 8 6 360 1 3881,4037,7221 0 3 8-7-3-6
2.57787 0 1 1 4 12 360 1 530,3198,7886 0 5 4-10-11-8-14-12
2.57964 0 1 1 19 2 360 1 4776,7085,8057 0 5 19-17-14-8-7-2
2.59419 0 1 1 19 15 360 1 2297,2724,7512 0 3 19-17-16-15
2.60326 0 1 2 6 17 24 10 5809,6501 5809 5 6-3-7-8-14-17
2.70656 0 1 2 5 13 60 10 3690,4318 3690 7 5-4-10-11-8-14-12-13
2.72389 0 1 1 12 18 360 1 4527,5029,7149 0 4 12-14-17-19-18
2.735 0 1 1 9 14 360 1 3463,5909,8067 0 3 9-7-8-14
2.74713 0 1 1 3 7 360 1 4593,4866,6842 0 1 3-7
2.75665 0 1 2 4 18 12 10 4015,4190 4015 3 4-10-11-18
2.7808 0 1 1 13 6 360 1 1066,4967,7342 0 6 13-12-14-8-7-3-6
2.81813 0 1 1 12 6 360 1 2798,3343,3883 0 5 12-14-8-7-3-6
2.83095 0 1 1 12 9 360 1 944,2147,6943 0 4 12-14-8-7-9
2.83779 0 1 1 5 6 360 1 5922,6494,7742 0 2 5-4-6
2.89107 0 1 1 15 18 360 1 2697,4281,4409 0 4 15-16-17-19-18
2.89739 0 1 1 18 7 360 1 728,1273,2257 0 3 18-11-8-7
2.9127 0 1 1 19 11 360 1 4743,6072,7791 0 2 19-18-11
2.93195 0 1 1 12 10 360 1 980,1813,8003 0 4 12-14-8-11-10
2.93426 0 1 1 1 7 360 1 739,3162,7694 0 1 1-7
3.01649 0 1 2 3 12 192 10 3844,4526 3844 4 3-7-8-14-12
3.04259 0 1 1 14 5 360 1 143,314,6610 0 5 14-8-11-10-4-5
3.05741 0 1 1 1 3 360 1 88,1194,2293 0 1 1-3
3.08154 0 1 1 3 11 360 1 563,3226,4215 0 3 3-4-10-11
3.08187 0 1 1 11 7 360 1 303,3479,5862 0 2 11-8-7
3.13356 0 1 1 16 1 360 1 2527,4534,5089 0 5 16-17-14-8-7-1
3.29376 0 1 1 5 3 360 1 975,3020,8160 0 2 5-4-3
3.29869 0 1 1 2 9 360 1 122,4911,6466 0 2 2-7-9
3.31585 0 1 1 8 6 360 1 630,3657,5004 0 3 8-7-3-6
3.36632 0 1 1 13 12 360 1 995,7070,7485 0 1 13-12
3.41766 0 1 1 7 17 360 1 3356,4218,5032 0 3 7-8-14-17
3.45692 0 1 1 7 15 360 1 2768,3761,6013 0 4 7-8-14-12-15
3.48968 0 1 2 3 7 246 10 445,6142 445 1 3-7
3.50252 0 1 2 5 4 318 10 2666,6462 2666 1 5-4
3.52234 0 1 2 11 8 90 10 3560,7649 3560 1 11-8
3.53015 0 1 1 17 16 360 1 481,4813,5473 0 1 17-16
3.54207 0 1 1 3 16 360 1 4794,5955,6371 0 5 3-7-8-14-17-16
3.55318 0 1 1 3 12 360 1 504,607,2770 0 4 3-7-8-14-12
3.55583 0 1 1 11 13 360 1 2724,4312,8015 0 4 11-8-14-12-13
3.56061 0 1 1 4 6 360 1 271,3016,3642 0 1 4-6
3.60773 0 1 2 9 1 42 10 3375,7661 3375 2 9-7-1
3.6539 0 1 2 6 2 78 10 3199,4711 3199 2 6-4-2
3.67524 0 1 1 12 13 360 1 2393,3174,4787 0 1 12-13
3.70066 0 1 1 7 4 360 1 4941,7283,8149 0 2 7-3-4
3.73325 0 1 1 15 14 360 1 3457,4002,6972 0 2 15-12-14
3.7518 0 1 2 8 12 60 10 6200,6952 6200 2 8-14-12
3.86794 0 1 1 15 3 360 1 3326,6824,6940 0 5 15-12-14-8-7-3
3.8682 0 1 1 10 18 360 1 544,1718,7927 0 2 10-11-18
3.92755 0 1 1 3 16 360 1 942,3069,3296 0 5 3-7-8-14-17-16
3.9907 0 1 2 5 15 258 10 2377,3083 2377 7 5-4-10-11-8-14-12-15
4.02434 0 1 1 17 7 360 1 3722,4892,5069 0 3 17-14-8-7
4.12464 0 1 1 3 19 360 1 3343,3792,7620 0 5 3-4-10-11-18-19
4.12923 0 1 1 6 7 360 1 3414,5339,5392 0 2 6-3-7
4.15331 0 1 1 16 14 360 1 3043,4443,5863 0 2 16-17-14
4.16077 0 1 1 8 18 360 1 354,491,6166 0 2 8-11-18
4.16168 0 1 1 15 10 360 1 2131,5055,6504 0 5 15-12-14-8-11-10
4.18791 0 1 1 13 11 360 1 774,6085,8111 0 4 13-12-14-8-11
4.19274 0 1 1 10 19 360 1 2980,3868,8205 0 3 10-11-18-19
4.2199 0 1 1 16 7 360 1 4820,6185,7455 0 4 16-17-14-8-7
4.23282 0 1 1 4 19 360 1 3004,6860,8188 0 4 4-10-11-18-19
4.27574 0 1 2 6 15 30 10 1053,5282 1053 6 6-3-7-8-14-12-15
4.28816 0 1 1 12 8 360 1 3324,4238,5965 0 2 12-14-8
4.30385 0 1 1 8 18 360 1 1111,1332,7918 0 2 8-11-18
4.35611 0 1 2 3 14 348 10 3657,6034 3657 3 3-7-8-14
4.40664 0 1 1 3 5 360 1 505,7162,7295 0 2 3-4-5
4.43458 0 1 1 11 6 360 1 2105,4178,6820 0 3 11-10-4-6
4.45749 0 1 1 18 11 360 1 1143,3454,6887 0 1 18-11
4.48669 0 1 1 18 10 360 1 299,4613,6238 0 2 18-11-10
4.54296 0 1 1 8 1 360 1 3892,5607,7563 0 5 8-11-10-9-7-1
4.60175 0 1 1 17 3 360 1 4510,7201,7621 0 4 17-14-8-7-3
4.60588 0 1 1 1 9 360 1 507,1725,2871 0 2 1-7-9
4.63893 0 1 2 14 13 18 10 5527,6222 5527 2 14-12-13
4.67302 0 1 1 14 18 360 1 575,3578,7539 0 3 14-17-19-18
4.70416 0 1 1 17 16 360 1 6168,6987,8199 0 1 17-16
4.70671 0 1 2 1 18 66 10 704,3294 704 4 1-7-8-11-18
4.7178 0 1 1 2 14 360 1 4537,5220,5352 0 3 2-7-8-14
4.72167 0 1 1 14 6 360 1 705,3402,6581 0 7 14-17-19-18-11-10-4-6
4.75273 0 1 2 17 14 48 10 1564,8208 1564 1 17-14
4.75683 0 1 2 9 11 318 10 3606,6942 3606 2 9-10-11
4.78227 0 1 1 1 16 360 1 4269,7938,8232 0 5 1-7-8-14-17-16
4.79355 0 1 1 10 3 360 1 3532,6056,6123 0 2 10-4-3
4.80871 0 1 1 13 12 360 1 3088,6161,6827 0 1 13-12
4.85322 0 1 1 4 3 360 1 3034,8033,8110 0 1 4-3
4.87565 0 1 2 2 12 198 10 2231,6934 2231 4 2-7-8-14-12
4.88352 0 1 1 4 9 360 1 48,619,1131 0 2 4-10-9
4.91099 0 1 1 12 19 360 1 3854,3987,6316 0 3 12-14-17-19
4.9346 0 1 2 4 18 342 10 2136,4945 2136 3 4-10-11-18
4.95536 0 1 1 3 17 360 1 966,2298,2856 0 6 3-4-10-11-18-19-17
4.96858 0 1 1 8 4 360 1 2277,3672,8068 0 3 8-7-3-4
4.9844 0 1 1 13 2 360 1 1344,3496,5399 0 5 13-12-14-8-7-2
4.98949 0 1 1 4 6 360 1 1060,4717,8223 0 1 4-6
5.00549 0 1 1 5 1 360 1 1102,3705,7785 0 3 5-4-3-1
5.01008 0 1 1 1 6 360 1 2322,4877,7898 0 2 1-3-6
5.01347 0 1 1 14 19 360 1 908,5741,8203 0 2 14-17-19
5.04319 0 1 1 2 14 360 1 476,4135,6717 0 3 2-7-8-14
5.07867 0 1 2 6 15 36 10 317,3698 317 6 6-3-7-8-14-12-15
5.11366 0 1 1 9 6 360 1 753,4983,8042 0 3 9-10-4-6
5.20514 0 1 2 15 14 336 10 3433,5605 3433 2 15-12-14
5.2621 0 1 1 10 2 360 1 1762,5900,7217 0 2 10-4-2
5.28102 0 1 2 6 10 240 10 817,6960 817 2 6-4-10
5.33305 0 1 1 14 19 360 1 1113,2228,4152 0 2 14-17-19
5.35853 0 1 1 2 11 360 1 1455,5491,5711 0 3 2-4-10-11
5.36666 0 1 2 16 19 228 10 2768,2902 2768 2 16-17-19
5.37828 0 1 1 17 8 360 1 609,3334,5235 0 2 17-14-8
5.40214 0 1 1 18 2 360 1 45,2910,6433 0 4 18-11-8-7-2
5.41981 0 1 1 5 1 360 1 796,3879,7844 0 3 5-4-3-1
5.5269 0 1 2 5 2 330 10 151,6111 151 2 5-4-2
5.53368 0 1 1 3 8 360 1 3074,7665,7744 0 2 3-7-8
5.54884 0 1 1 15 19 360 1 2555,3183,8052 0 3 15-16-17-19
5.55649 0 1 1 18 2 360 1 2646,3756,6850 0 4 18-11-8-7-2
5.56885 0 1 2 19 1 102 10 2119,8074 2119 5 19-17-14-8-7-1
5.58695 0 1 1 2 8 360 1 3472,4757,5088 0 2 2-7-8
5.62405 0 1 2 9 14 12 10 2287,2758 2287 3 9-7-8-14
5.62928 0 1 1 18 17 360 1 1081,1238,5247 0 2 18-19-17
5.671 0 1 2 19 9 204 10 3951,8434 3951 4 19-18-11-10-9
5.69923 0 1 1 13 5 360 1 1662,1748,2775 0 7 13-12-14-8-11-10-4-5
5.7791 0 1 1 11 6 360 1 4717,5091,7237 0 3 11-10-4-6
5.78497 0 1 1 17 9 360 1 1842,4213,8050 0 4 17-14-8-7-9
5.82662 0 1 1 5 8 360 1 3866,4943,8146 0 4 5-4-10-11-8
5.86775 0 1 2 11 5 300 10 4441,7225 4441 3 11-10-4-5
5.87921 0 1 2 4 3 42 10 2383,7861 2383 1 4-3
5.94259 0 1 2 3 12 24 10 7860,7899 7860 4 3-7-8-14-12
5.95472 0 1 2 5 1 204 10 1325,2027 1325 3 5-4-3-1
5.99588 0 1 1 8 2 360 1 1207,3546,5040 0 2 8-7-2
6.01756 0 1 1 2 1 360 1 4592,5447,7675 0 1 2-1
6.04741 0 1 1 7 5 360 1 313,1362,2449 0 3 7-3-4-5
6.08099 0 1 1 11 5 360 1 132,2174,3117 0 3 11-10-4-5
6.13634 0 1 1 18 11 360 1 2676,4739,6566 0 1 18-11
6.16058 0 1 1 5 8 360 1 902,929,1529 0 4 5-4-3-7-8
6.16293 0 1 1 15 5 360 1 2543,3004,6978 0 7 15-12-14-8-11-10-4-5
6.19995 0 1 1 17 8 360 1 741,4066,7737 0 4 17-19-18-11-8
6.21327 0 1 2 9 16 84 10 68,2008 68 5 9-7-8-14-17-16
6.23844 0 1 2 3 9 18 10 2314,4371 2314 2 3-7-9
6.32007 0 1 1 19 4 360 1 2532,6853,7081 0 4 19-18-11-10-4
6.32252 0 1 1 4 6 360 1 4673,5382,7125 0 1 4-6
6.33705 0 1 1 13 14 360 1 2174,6259,7354 0 4 13-15-16-17-14
6.34189 0 1 1 8 11 360 1 3239,3575,7406 0 1 8-11
6.40721 0 1 1 4 6 360 1 2121,4949,7971 0 1 4-6
6.42465 0 1 1 17 11 360 1 426,2861,4580 0 3 17-19-18-11
6.47323 0 1 2 11 15 294 10 1220,3368 1220 4 11-8-14-12-15
6.52327 0 1 1 11 7 360 1 4041,6828,7485 0 2 11-8-7
6.52939 0 1 2 6 14 66 10 3301,4146 3301 4 6-3-7-8-14
6.56236 0 1 2 16 9 30 10 1048,2128 1048 5 16-17-14-8-7-9
6.61888 0 1 1 1 6 360 1 502,1925,5567 0 2 1-3-6
6.64939 0 1 1 12 9 360 1 3400,4453,5946 0 8 12-14-17-19-18-11-8-7-9
6.69826 0 1 1 2 4 360 1 1425,2394,2918 0 1 2-4
6.77788 0 1 1 9 5 360 1 350,5619,7780 0 3 9-10-4-5
6.80094 0 1 1 15 18 360 1 426,2738,5561 0 4 15-16-17-19-18
6.87371 0 1 1 3 9 360 1 6156,6168,6468 0 2 3-7-9
7.02143 0 1 1 9 17 360 1 1039,2467,5103 0 4 9-7-8-14-17
7.09859 0 1 1 6 8 360 1 74,2492,6302 0 3 6-3-7-8
7.10499 0 1 1 3 2 360 1 1388,1928,2542 0 2 3-7-2
7.11993 0 1 2 13 2 36 10 4865,7934 4865 5 13-12-14-8-7-2
7.12048 0 1 2 12 8 18 10 3146,4019 3146 2 12-14-8
7.13372 0 1 2 5 11 12 10 4807,7758 4807 3 5-4-10-11
7.14659 0 1 1 8 13 360 1 1687,1797,8125 0 3 8-14-12-13
7.1573 0 1 1 2 17 360 1 979,2520,7963 0 6 2-7-8-11-18-19-17
7.20601 0 1 1 2 8 360 1 2297,2375,3195 1 2 2-7-8
7.36212 0 1 1 7 10 360 1 2294,4804,5998 0 2 7-9-10
7.40086 0 1 2 13 8 36 10 5532,7128 5532 3 13-12-14-8
7.48674 0 1 2 6 7 48 10 459,2751 459 2 6-3-7
7.52757 0 1 1 6 7 360 1 5017,5240,7123 0 2 6-3-7
7.55511 0 1 1 5 19 360 1 1562,2970,6988 0 5 5-4-10-11-18-19
7.56558 0 1 1 4 12 360 1 652,4312,6834 0 10 4-3-7-9-10-11-18-19-17-14-12
7.5814 0 1 1 8 11 360 1 642,3940,8036 0 4 8-7-9-10-11
7.64001 0 1 1 16 12 360 1 1165,4296,5562 0 2 16-15-12
7.65019 0 1 1 13 15 360 1 2408,4221,4450 0 1 13-15
7.67195 0 1 1 6 15 360 1 1792,5652,5810 0 6 6-3-7-8-14-12-15
7.68121 0 1 1 13 6 360 1 1514,4221,5442 0 6 13-12-14-8-7-3-6
7.75836 0 1 1 12 11 360 1 538,3293,7196 0 3 12-14-8-11
7.76134 0 1 1 15 14 360 1 1524,1862,2179 0 2 15-12-14
7.76702 0 1 1 18 9 360 1 2419,5085,6568 0 4 18-11-8-7-9
7.77812 0 1 1 14 18 360 1 2624,4575,7254 0 3 14-17-19-18
7.8319 0 1 1 14 18 360 1 4609,5181,7949 0 3 14-17-19-18
7.84944 0 1 1 13 6 360 1 1635,5951,6898 0 6 13-12-14-8-7-3-6
7.85981 0 1 1 2 19 360 1 3117,4393,4722 0 5 2-4-10-11-18-19
7.86408 0 1 1 16 10 360 1 2550,2969,4253 0 5 16-17-19-18-11-10
8.04599 0 1 1 4 18 360 1 5524,5960,6031 0 3 4-10-11-18
8.0608 0 1 1 5 2 360 1 3867,6583,8139 0 2 5-4-2
8.15872 0 1 2 4 18 276 10 1622,4866 1622 3 4-10-11-18
8.17831 0 1 1 14 6 360 1 2619,4998,5255 0 4 14-8-7-3-6
8.26037 0 1 1 14 2 360 1 2329,6651,6982 1 3 14-8-7-2
8.26632 0 1 1 14 16 360 1 2322,3418,3460 0 2 14-17-16
8.30028 0 1 1 13 9 360 1 1439,5250,5689 0 5 13-12-14-8-7-9
8.31928 0 1 1 4 12 360 1 4960,6270,7044 0 5 4-10-11-8-14-12
8.34552 0 1 1 9 12 360 1 974,3027,6128 0 7 9-10-11-18-19-17-14-12
8.43479 0 1 2 5 18 96 10 1000,6128 1002 7 5-4-3-7-9-10-11-18
8.44039 0 1 1 10 2 360 1 456,7605,8215 0 2 10-4-2
8.46482 0 1 1 12 16 360 1 599,3895,5230 0 2 12-15-16
8.48077 0 1 1 1 15 360 1 379,7010,8086 0 5 1-7-8-14-12-15
8.64455 0 1 1 18 5 360 1 4075,5032,7293 0 4 18-11-10-4-5
8.68275 0 1 1 15 7 360 1 1072,5206,5910 0 4 15-12-14-8-7
8.72357 0 1 2 12 19 246 10 2500,3712 2500 4 12-15-16-17-19
8.7245 0 1 1 10 19 360 1 1489,2195,3710 0 3 10-11-18-19
8.75489 0 1 1 16 6 360 1 837,3157,7912 1 6 16-17-14-8-7-3-6
8.76468 0 1 1 3 10 360 1 228,6583,6598 0 2 3-4-10
8.86519 0 1 1 11 12 360 1 968,2368,5047 0 5 11-18-19-17-14-12
8.92655 0 1 1 9 18 360 1 2549,6504,8269 0 3 9-10-11-18
9.05214 0 1 1 11 8 360 1 1114,1595,5367 0 1 11-8
9.06457 0 1 1 1 7 360 1 6288,6643,7073 0 1 1-7
9.08941 0 1 1 17 14 360 1 922,1114,5963 0 1 17-14
9.14532 0 1 1 19 18 360 1 1340,2091,5953 0 1 19-18
9.14929 0 1 2 1 5 60 10 1772,8295 1772 3 1-3-4-5
9.21268 0 1 2 8 4 54 10 39,1933 39 3 8-11-10-4
9.24719 0 1 2 5 15 258 10 1749,2041 1749 7 5-4-10-11-8-14-12-15
9.25481 0 1 2 14 4 144 10 4036,6859 4036 4 14-8-11-10-4
9.3845 0 1 2 3 16 336 10 3222,3981 3222 5 3-7-8-14-17-16
9.41027 0 1 1 16 3 360 1 379,2741,7408 0 6 16-17-14-8-7-1-3
9.4485 0 1 1 13 14 360 1 59,6226,8266 0 2 13-12-14
9.44913 0 1 2 15 17 192 10 5152,5736 5152 2 15-16-17
9.47109 0 1 1 12 2 360 1 2727,6637,8016 0 8 12-14-17-19-18-11-8-7-2
9.50329 0 1 2 19 5 60 10 1660,4652 1660 5 19-18-11-10-4-5
9.53835 0 1 1 5 18 360 1 3718,6153,7065 1 4 5-4-10-11-18
9.55285 0 1 1 12 17 360 1 3308,4311,5901 0 2 12-14-17
9.5565 0 1 1 5 3 360 1 2349,7518,8273 0 2 5-4-3
9.58243 0 1 2 5 9 12 10 3298,8377 3298 3 5-4-10-9
9.60321 0 1 2 1 4 210 10 335,4798 335 2 1-3-4
9.63505 0 1 1 17 18 360 1 2746,4217,5374 0 2 17-19-18
9.6396 0 1 2 7 2 18 10 3335,4155 3335 1 7-2
9.68464 0 1 2 16 3 108 10 1656,5262 1656 5 16-17-14-8-7-3
9.69788 0 1 1 13 5 360 1 1383,1902,7186 0 7 13-12-14-8-11-10-4-5
9.77283 0 1 1 1 13 360 1 1534,3675,6855 0 9 1-7-8-11-18-19-17-16-15-13
9.77838 0 1 2 18 4 138 10 2461,2564 2461 5 18-11-8-7-3-4
9.78154 0 1 1 14 13 360 1 2402,2474,6062 0 4 14-17-16-15-13
9.79911 0 1 1 18 9 360 1 2347,4845,6243 1 3 18-11-10-9
9.80599 0 1 2 7 12 60 10 1031,2008 1031 9 7-2-4-10-11-18-19-17-14-12
9.82621 0 1 1 12 18 360 1 841,3297,4564 1 4 12-14-17-19-18
9.83691 0 1 1 8 12 360 1 423,5952,7518 0 2 8-14-12
9.84427 0 1 1 7 14 360 1 5975,7402,7500 0 2 7-8-14
9.84604 0 1 2 2 4 252 10 4464,5992 4464 1 2-4
9.88073 0 1 2 1 3 114 10 5153,6368 5153 1 1-3
9.894 0 1 1 12 8 360 1 64,2686,5510 0 2 12-14-8
9.93008 0 1 1 19 16 360 1 1614,5321,6926 0 2 19-17-16
9.93935 0 1 2 15 4 60 10 4751,6038 4751 6 15-12-14-8-11-10-4
9.97325 0 1 2 15 3 270 10 5271,7715 5271 6 15-16-17-14-8-7-3
9.99281 0 1 1 6 18 360 1 4626,6044,8029 0 4 6-4-10-11-18
9.9965 0 1 1 4 13 360 1 572,1097,3502 0 6 4-10-11-8-14-12-13
9.99941 0 1 1 13 18 360 1 4149,6898,7071 0 5 13-15-16-17-19-18
10.0606 1 1 1 8 17 360 1 1604,5524,8106 0 4 8-11-18-19-17
10.0987 1 1 2 11 17 60 10 4305,4795 4304 3 11-18-19-17
10.1026 1 1 2 2 15 36 10 7155,8468 7154 5 2-7-8-14-12-15
10.1049 1 1 2 15 8 264 10 3430,5795 3429 6 15-16-17-19-18-11-8
10.1235 1 1 2 5 18 198 10 3737,6334 3749 4 5-4-10-11-18
10.174 1 1 1 6 10 360 1 369,5708,7947 0 2 6-4-10
10.199 1 1 1 1 11 360 1 1143,3513,4695 0 3 1-7-8-11
10.2217 1 1 1 12 4 360 1 1849,2070,8006 0 9 12-14-17-19-18-11-8-7-3-4
10.2526 1 1 2 8 16 24 10 5036,5427 5035 3 8-14-17-16
10.3397 1 1 1 15 19 360 1 4302,6065,7884 0 3 15-16-17-19
10.3957 1 1 1 10 5 360 1 5270,6791,7961 0 2 10-4-5
10.5485 1 1 1 11 4 360 1 463,990,1571 0 2 11-10-4
10.616 1 1 1 15 5 360 1 600,3046,5712 0 7 15-12-14-8-11-10-4-5
10.7243 1 1 1 8 4 360 1 2978,3278,7670 0 3 8-11-10-4
10.7508 1 1 1 7 5 360 1 792,1676,7382 1 3 7-3-4-5
10.8019 1 1 1 9 6 360 1 1873,3688,7444 0 3 9-7-3-6
10.8062 1 1 1 16 13 360 1 2618,4083,5826 0 2 16-15-13
10.8289 1 1 1 5 1 360 1 692,6872,7391 1 3 5-4-3-1
10.9462 1 1 1 1 3 360 1 2928,5621,5849 0 1 1-3
10.9874 1 1 1 3 9 360 1 2774,5958,7123 0 2 3-7-9
11.0302 1 1 1 4 10 360 1 151,474,7035 0 1 4-10
11.0382 1 1 1 16 13 360 1 6335,7851,8071 0 2 16-15-13
11.0409 1 1 2 12 9 30 10 4783,5820 4782 4 12-14-8-7-9
11.0863 1 1 1 5 11 360 1 2456,6747,7821 0 9 5-4-3-7-8-14-17-19-18-11
11.0995 1 1 2 7 16 294 10 6157,8123 6156 4 7-8-14-17-16
11.1 1 1 2 17 5 84 10 456,1365 455 6 17-19-18-11-10-4-5
11.1122 1 1 1 7 18 360 1 200,1547,4662 0 3 7-8-11-18
11.1127 1 1 1 12 19 360 1 3401,6718,7752 0 3 12-14-17-19
11.1379 1 1 1 6 17 360 1 1915,4100,7762 0 5 6-3-7-8-14-17
11.1997 1 1 1 11 4 360 1 2698,2871,4127 0 2 11-10-4
11.2039 1 1 1 19 18 360 1 1356,4312,5208 0 1 19-18
11.2105 1 1 2 12 15 24 10 7891,8068 7890 1 12-15
11.2892 1 1 1 10 16 360 1 1295,5017,6579 0 5 10-11-18-19-17-16
11.3989 1 1 1 13 16 360 1 1150,3169,7317 0 2 13-15-16
11.4215 1 1 1 10 5 360 1 775,2908,6622 1 2 10-4-5
11.5173 1 1 2 15 3 48 10 4658,7925 4657 5 15-12-14-8-7-3
11.5287 1 1 2 1 15 312 10 2091,3194 2634 8 1-7-8-11-18-19-17-16-15
11.5376 1 1 2 13 2 72 10 2911,3793 2910 5 13-12-14-8-7-2
11.5486 1 1 1 18 6 360 1 957,3827,7213 2 4 18-11-10-4-6
11.5979 1 1 1 15 11 360 1 2263,3195,7911 1 5 15-16-17-19-18-11
11.6275 1 1 1 19 16 360 1 3661,5297,7223 0 2 19-17-16
11.6726 1 1 1 14 6 360 1 817,3576,6226 2 7 14-17-19-18-11-10-4-6
11.6764 1 1 1 17 15 360 1 295,651,5647 0 2 17-16-15
11.7044 1 1 1 1 10 360 1 2012,4269,7566 0 3 1-7-9-10
11.7247 1 1 2 8 2 48 10 376,4389 375 2 8-7-2
11.7353 1 1 2 12 1 114 10 505,4954 504 4 12-14-8-7-1
11.9278 1 1 2 18 16 276 10 2103,5630 2102 3 18-19-17-16
12.0596 1 1 1 17 7 360 1 930,2925,5718 1 3 17-14-8-7
12.1259 1 1 1 13 2 360 1 2070,4743,8000 1 9 13-15-16-17-19-18-11-8-7-2
12.2737 1 1 2 13 14 108 10 4863,6698 4862 2 13-12-14
12.3164 1 1 1 17 14 360 1 866,3188,3859 1 1 17-14
12.334 1 1 1 8 14 360 1 1614,2347,4114 0 5 8-11-18-19-17-14
12.3502 1 1 2 19 4 102 10 3525,6232 3524 4 19-18-11-10-4
12.403 1 1 1 13 2 360 1 2100,5199,5958 1 9 13-12-14-17-19-18-11-8-7-2
12.4664 1 1 1 13 14 360 1 639,895,6989 0 2 13-12-14
12.5243 1 1 2 15 17 18 10 2542,6736 2541 2 15-16-17
12.5674 1 1 2 9 8 36 10 252,5857 251 2 9-7-8
12.5681 1 1 1 2 3 360 1 1934,4680,7890 0 2 2-7-3
12.5771 1 1 2 15 7 42 10 399,3725 398 4 15-12-14-8-7
12.5809 1 1 1 12 1 360 1 2516,2698,6380 0 9 12-14-17-19-18-11-10-9-7-1
12.5943 1 1 2 15 4 12 10 7557,7582 7556 6 15-12-14-8-11-10-4
12.6233 1 1 1 17 9 360 1 4194,4546,7757 0 4 17-14-8-7-9
12.6577 1 1 1 5 19 360 1 1686,2820,5074 0 7 5-4-3-7-8-11-18-19
12.6585 1 1 2 13 7 216 10 2108,4496 2900 7 13-12-14-8-11-10-9-7
12.7006 1 1 2 1 15 216 10 931,4776 1090 8 1-7-8-11-18-19-17-16-15
12.7045 1 1 1 19 14 360 1 2912,6889,6932 0 2 19-17-14
12.7046 1 1 1 12 6 360 1 6244,6674,7521 0 8 12-14-17-19-18-11-10-4-6
12.7049 1 1 2 13 10 12 10 3812,8421 3811 6 13-12-14-8-7-9-10
12.7107 1 1 1 2 15 360 1 6020,7693,8246 0 8 2-4-10-11-18-19-17-16-15
12.7354 1 1 1 4 19 360 1 1807,2398,2737 0 6 4-2-7-8-11-18-19
12.8443 1 1 1 12 7 360 1 100,696,5074 0 6 12-14-8-11-10-9-7
12.9609 1 1 1 16 17 360 1 854,2212,3144 2 1 16-17
12.9794 1 1 1 1 16 360 1 610,3744,5970 0 8 1-7-9-10-11-18-19-17-16
13.0363 1 1 1 18 12 360 1 5709,6641,7433 0 4 18-19-17-14-12
13.0438 1 1 2 10 14 18 10 7421,8237 7420 3 10-11-8-14
13.0519 1 1 2 8 5 138 10 1032,5318 1077 4 8-7-2-4-5
13.0945 1 1 2 18 15 156 10 2215,5503 2428 6 18-19-17-14-12-13-15
13.1376 1 1 1 10 16 360 1 164,233,7741 0 5 10-11-18-19-17-16
13.2884 1 1 2 18 3 24 10 5662,6032 5661 4 18-11-8-7-3
13.3159 1 1 1 18 10 360 1 18,852,6950 0 5 18-11-8-7-9-10
13.3476 1 1 1 8 17 360 1 580,685,7969 0 7 8-7-9-10-11-18-19-17
13.4148 1 1 1 4 16 360 1 484,1566,6351 0 9 4-2-7-9-10-11-18-19-17-16
13.4172 1 1 2 13 19 12 10 4100,6504 4099 4 13-15-16-17-19
13.4591 1 1 2 9 8 246 10 3282,4798 3281 3 9-10-11-8
13.4789 1 1 2 13 19 96 10 3759,8532 3758 4 13-15-16-17-19
13.4789 1 1 1 9 3 360 1 1466,1694,5132 0 2 9-7-3
13.504 1 1 1 5 9 360 1 1396,3302,5960 0 4 5-4-3-7-9
13.5265 1 1 2 6 2 54 10 4658,6966 4657 2 6-4-2
13.5647 1 1 2 7 10 12 10 2967,6827 2966 2 7-9-10
13.5765 1 1 2 11 8 258 10 714,7529 1215 4 11-10-9-7-8
13.5844 1 1 1 9 7 360 1 2490,3081,6498 0 1 9-7
13.6133 1 1 2 3 1 114 10 4149,6465 4148 1 3-1
13.6942 1 1 1 18 5 360 1 116,2276,5398 2 4 18-11-10-4-5
13.7744 1 1 2 17 2 60 10 3394,5791 3393 4 17-14-8-7-2
13.8068 1 1 1 5 7 360 1 886,1624,5020 1 3 5-4-3-7
13.8405 1 1 2 9 2 102 10 4339,5439 4338 2 9-7-2
13.8839 1 1 1 2 9 360 1 4644,4761,5782 0 2 2-7-9
13.8927 1 1 2 17 1 84 10 260,2850 259 4 17-14-8-7-1
13.9908 1 1 1 14 3 360 1 5088,5588,5694 0 3 14-8-7-3
14.0818 1 1 1 4 1 360 1 2840,6850,7618 0 2 4-3-1
14.1253 1 1 1 2 18 360 1 3361,5579,7810 1 4 2-4-10-11-18
14.1832 1 1 2 2 14 54 10 1877,6693 1897 7 2-4-10-11-18-19-17-14
14.3646 1 1 1 19 9 360 1 3159,4865,6839 0 4 19-18-11-10-9
14.4571 1 1 1 7 2 360 1 2520,4799,5891 0 1 7-2
14.4616 1 1 1 19 14 360 1 2061,5821,6871 1 2 19-17-14
14.4678 1 1 1 1 12 360 1 977,2856,7653 1 10 1-7-9-10-11-18-19-17-16-15-12
14.4874 1 1 1 18 14 360 1 384,6193,7406 0 3 18-19-17-14
14.5345 1 1 1 3 2 360 1 3292,3769,6856 0 2 3-4-2
14.6141 1 1 2 7 19 72 10 1927,6190 1951 4 7-8-11-18-19
14.6155 1 1 2 17 15 66 10 416,2011 415 2 17-16-15
14.6309 1 1 1 14 15 360 1 5016,5696,7701 0 2 14-12-15
14.6589 1 1 1 18 7 360 1 3125,6202,7894 0 4 18-11-10-9-7
14.6925 1 1 1 15 8 360 1 892,3895,7974 1 6 15-16-17-19-18-11-8
14.7169 1 1 1 17 10 360 1 2060,4454,7106 1 4 17-19-18-11-10
14.7835 1 1 2 8 1 42 10 5169,6125 5168 2 8-7-1
14.9235 1 1 1 10 14 360 1 1909,2067,4653 2 5 10-11-18-19-17-14
14.9477 1 1 2 14 2 18 10 186,3054 185 3 14-8-7-2
15.0147 1 1 1 7 15 360 1 2709,3445,6232 2 7 7-8-11-18-19-17-16-15
15.0264 1 1 2 9 6 30 10 1779,3757 1778 3 9-7-3-6
15.0377 1 1 2 9 12 36 10 7166,7572 7165 4 9-7-8-14-12
15.0729 1 1 2 10 6 216 10 1421,4308 1420 2 10-4-6
15.235 1 1 1 14 19 360 1 5482,5522,6038 0 2 14-17-19
15.2373 1 1 1 4 16 360 1 1871,3545,4589 2 6 4-10-11-18-19-17-16
15.2409 1 1 1 13 2 360 1 4704,5016,6833 0 9 13-15-16-17-19-18-11-8-7-2
15.2455 1 1 1 14 10 360 1 2186,4105,7844 1 4 14-8-7-9-10
15.3616 1 1 1 10 15 360 1 2082,4628,5589 1 6 10-11-18-19-17-16-15
15.3621 1 1 2 16 18 42 10 2873,6914 2946 3 16-17-19-18
15.3628 1 1 2 17 1 24 10 1896,7533 1994 4 17-14-8-7-1
15.3714 1 1 1 13 16 360 1 62,4846,7269 0 2 13-15-16
15.3767 1 1 2 8 18 36 10 2033,7044 2032 2 8-11-18
15.4002 1 1 1 4 2 360 1 1551,4631,7822 0 1 4-2
15.4517 1 1 1 5 19 360 1 329,817,7839 2 5 5-4-10-11-18-19
15.4547 1 1 1 15 10 360 1 1749,3177,6787 0 10 15-12-14-17-19-18-11-8-7-9-10
15.4766 1 1 1 2 5 360 1 64,2693,4045 0 2 2-4-5
15.5282 1 1 2 7 4 12 10 502,6208 501 2 7-2-4
15.5301 1 1 1 18 11 360 1 1037,4571,5358 1 1 18-11
15.5396 1 1 1 10 8 360 1 962,3408,3647 1 3 10-9-7-8
15.5631 1 1 1 8 14 360 1 2371,4001,4395 1 5 8-11-18-19-17-14
15.566 1 1 1 16 12 360 1 1510,7906,8004 0 2 16-15-12
15.5693 1 1 2 12 1 42 10 1303,7850 1302 9 12-14-17-19-18-11-10-9-7-1
15.5911 1 1 1 19 7 360 1 3182,7184,7204 1 5 19-18-11-10-9-7
15.6336 1 1 2 8 6 12 10 2663,7930 2662 3 8-7-3-6
15.6929 1 1 1 19 4 360 1 3387,5191,6258 1 4 19-18-11-10-4
15.7088 1 1 1 8 1 360 1 759,1485,8119 1 2 8-7-1
15.7762 1 1 1 9 8 360 1 981,3705,7541 2 2 9-7-8
15.8025 1 1 2 19 16 24 10 832,5374 831 2 19-17-16
15.8336 1 1 1 7 6 360 1 2920,4243,6279 0 2 7-3-6
15.8394 1 1 1 12 17 360 1 4332,7150,8143 0 2 12-14-17
15.8552 1 1 2 17 7 114 10 4095,5576 4094 3 17-14-8-7
15.8812 1 1 2 19 6 12 10 1189,3234 1188 5 19-18-11-10-4-6
15.9185 1 1 2 14 3 60 10 1960,2484 2006 5 14-8-11-10-4-3
15.9447 1 1 1 13 18 360 1 3257,4127,5657 1 5 13-15-16-17-19-18
16.0248 1 1 2 17 14 132 10 1154,2600 1153 1 17-14
16.0601 1 1 2 13 17 42 10 3370,6530 3369 3 13-15-16-17
16.0889 1 1 2 16 7 162 10 4591,7283 4590 4 16-17-14-8-7
16.1397 1 1 1 19 14 360 1 2516,3208,4116 1 2 19-17-14
16.2287 1 1 1 13 15 360 1 1005,3378,3984 0 1 13-15
16.2333 1 1 1 19 7 360 1 1234,2879,2908 1 5 19-18-11-10-9-7
16.2389 1 1 1 9 15 360 1 4496,6440,7895 1 5 9-7-8-14-12-15
16.258 1 1 2 14 9 90 10 1068,6693 1090 4 14-8-11-10-9
16.283 1 1 1 2 9 360 1 18,5635,6061 0 2 2-7-9
16.3018 1 1 1 8 12 360 1 3678,3888,4884 1 6 8-11-18-19-17-14-12
16.3147 1 1 1 11 14 360 1 81,1000,8195 0 2 11-8-14
16.3482 1 1 2 13 16 18 10 2097,2215 2096 2 13-15-16
16.3578 1 1 1 8 4 360 1 3168,3626,8098 2 3 8-11-10-4
16.3643 1 1 1 1 10 360 1 4337,4424,5867 0 3 1-7-9-10
16.3819 1 1 1 7 10 360 1 51,1170,5825 0 2 7-9-10
16.3973 1 1 2 7 12 12 10 3084,6397 3083 3 7-8-14-12
16.4381 1 1 1 18 12 360 1 228,5688,6589 0 4 18-19-17-14-12
16.4538 1 0 1 12 1 360 1 1061,2053,3620 -1 -1 
16.4758 1 1 1 5 14 360 1 2886,8198,8278 1 5 5-4-10-11-8-14
16.4942 1 1 1 14 3 360 1 1113,2536,6220 2 7 14-17-19-18-11-8-7-3
16.5744 1 1 1 18 3 360 1 2320,6675,7798 1 4 18-11-8-7-3
16.5746 1 1 1 11 14 360 1 1349,3068,8129 0 2 11-8-14
16.648 1 1 1 10 18 360 1 5232,5801,5940 0 2 10-11-18
16.6938 1 1 2 9 2 12 10 5562,6890 5561 2 9-7-2
16.7949 1 1 1 18 5 360 1 481,3957,7547 2 4 18-11-10-4-5
16.7964 1 1 2 16 19 132 10 1677,1815 1676 2 16-17-19
16.8104 1 1 2 5 13 90 10 1327,3148 1326 9 5-4-3-7-8-14-17-16-15-13
16.8452 1 1 1 14 3 360 1 4327,4837,5249 0 7 14-17-19-18-11-10-4-3
16.8469 1 1 2 17 9 78 10 4704,5033 4703 5 17-19-18-11-10-9
16.859 1 1 1 10 13 360 1 4886,7314,7909 0 7 10-11-18-19-17-16-15-13
16.8636 1 1 1 4 3 360 1 4036,6904,6926 0 1 4-3
16.9144 1 1 1 19 13 360 1 2118,4829,6978 1 4 19-17-16-15-13
16.9557 1 0 1 8 12 360 1 384,604,4376 -1 -1 
17.0264 1 1 2 6 8 216 10 531,6167 738 3 6-3-7-8
17.1694 1 1 2 3 2 270 10 4411,7668 4410 2 3-1-2
17.1905 1 1 2 5 14 36 10 859,5817 889 5 5-4-3-7-8-14
17.1987 1 1 1 8 10 360 1 1077,4350,6698 2 2 8-11-10
17.2033 1 1 2 2 11 312 10 6457,7634 6456 3 2-4-10-11
17.2114 1 1 2 2 6 102 10 4179,7542 4178 2 2-4-6
17.2333 1 1 1 10 2 360 1 1795,4452,5457 0 3 10-9-7-2
17.2352 1 1 2 13 3 48 10 4434,5921 4433 5 13-12-14-8-7-3
17.2456 1 1 1 1 3 360 1 126,1508,7881 0 1 1-3
17.2514 1 1 1 18 8 360 1 233,3482,7344 0 2 18-11-8
17.3113 1 1 1 11 2 360 1 2565,6521,7815 0 3 11-10-4-2
17.3682 1 0 1 12 10 360 1 1868,1881,2561 -1 -1 
17.3818 1 1 1 19 12 360 1 2832,7204,7692 1 3 19-17-14-12
17.3865 1 1 2 17 11 360 10 549,3388 2988 3 17-19-18-11
17.4066 1 1 2 15 14 126 10 870,2460 869 3 15-16-17-14
17.4518 1 1 1 12 3 360 1 3346,7323,8012 1 4 12-14-8-7-3
17.4911 1 1 2 4 9 90 10 1698,5882 1697 3 4-2-7-9
17.5103 1 1 1 17 7 360 1 2044,2561,5696 2 3 17-14-8-7
17.5601 1 1 2 11 9 96 10 1474,7295 1473 2 11-10-9
17.6023 1 1 1 10 17 360 1 182,5704,8023 1 4 10-11-18-19-17
17.6487 1 1 1 18 10 360 1 2706,5869,7855 1 2 18-11-10
17.6662 1 1 1 7 18 360 1 2115,4261,6044 1 3 7-8-11-18
17.7555 1 1 1 13 14 360 1 1277,2868,5827 2 2 13-12-14
17.7636 1 1 1 2 11 360 1 1250,2721,3202 1 3 2-4-10-11
17.7758 1 1 2 11 12 12 10 1107,2561 1142 5 11-18-19-17-14-12
17.8421 1 1 2 9 1 12 10 4031,4966 4030 2 9-7-1
17.8436 1 1 1 9 10 360 1 1380,2107,3250 0 1 9-10
17.8607 1 1 1 19 7 360 1 742,1944,6809 2 5 19-18-11-10-9-7
17.8969 1 1 1 1 2 360 1 227,2455,6136 0 1 1-2
17.8991 1 1 1 8 10 360 1 812,5377,7957 1 2 8-11-10
17.8999 1 1 2 6 14 102 10 375,7892 377 5 6-4-10-11-8-14
17.9997 1 1 1 2 6 360 1 956,5106,5187 0 3 2-1-3-6
18.0213 1 1 2 18 9 306 10 3917,5600 4153 4 18-11-8-7-9
18.0308 1 1 1 19 16 360 1 9,1684,7789 0 2 19-17-16
18.0378 1 1 2 9 12 24 10 456,6419 455 4 9-7-8-14-12
18.0415 1 1 2 6 14 150 10 1525,7669 1524 4 6-3-7-8-14
18.0692 1 1 2 14 12 18 10 3882,5878 3881 1 14-12
18.1337 1 1 2 3 14 204 10 4388,6603 4387 5 3-4-10-11-8-14
18.1425 1 1 1 14 7 360 1 735,2524,4840 2 2 14-8-7
18.2773 1 1 2 8 2 78 10 1340,2894 1344 4 8-11-10-4-2
18.3208 1 1 2 12 9 36 10 567,7260 566 4 12-14-8-7-9
18.3413 1 1 1 5 10 360 1 817,4782,6516 1 2 5-4-10
18.3559 1 1 1 18 3 360 1 1189,1765,1954 2 4 18-11-10-4-3
18.3846 1 1 1 2 8 360 1 3015,3117,7303 2 2 2-7-8
18.4537 1 1 1 17 4 360 1 2921,2999,4204 2 5 17-19-18-11-10-4
18.4943 1 1 2 7 15 288 10 3410,6906 4730 7 7-8-11-18-19-17-16-15
18.5039 1 1 1 11 2 360 1 2183,2674,6444 2 3 11-8-7-2
18.5082 1 1 1 13 16 360 1 1513,2183,4199 0 2 13-15-16
18.5166 1 1 2 13 2 216 10 3220,5216 3453 5 13-12-14-8-7-2
18.5244 1 1 1 5 9 360 1 862,2320,5223 1 4 5-4-3-7-9
18.5395 1 1 1 6 10 360 1 747,6286,6312 1 2 6-4-10
18.6282 1 1 2 1 12 90 10 140,4300 139 9 1-7-9-10-11-18-19-17-14-12
18.636 1 1 1 15 19 360 1 511,2455,4431 0 3 15-16-17-19
18.636 1 1 2 15 14 36 10 5870,6824 5869 2 15-12-14
18.7228 1 1 2 3 16 174 10 3709,8105 4179 7 3-4-10-11-8-14-17-16
18.738 1 1 2 1 17 96 10 1253,2385 1416 4 1-7-8-14-17
18.7921 1 1 2 6 18 42 10 2262,7795 2261 4 6-4-10-11-18
18.8112 1 0 1 14 1 360 1 1082,1790,3168 -1 -1 
18.8211 1 1 2 4 6 30 10 1960,3256 1959 1 4-6
18.9029 1 1 2 15 12 12 10 2630,5399 2629 2 15-13-12
18.9154 1 1 2 16 2 204 10 4353,4881 4810 7 16-17-14-8-11-10-4-2
18.9663 1 1 2 5 9 240 10 267,1554 480 4 5-4-2-7-9
19.0134 1 1 2 16 13 18 10 5161,6852 5160 2 16-15-13
19.0346 1 1 1 11 6 360 1 3817,4813,7130 1 3 11-10-4-6
19.0703 1 1 1 1 15 360 1 63,4457,7552 2 5 1-7-8-14-12-15
19.1197 1 1 1 19 15 360 1 2075,6009,6768 1 3 19-17-16-15
19.1391 1 1 2 4 12 264 10 4621,7203 5059 5 4-10-11-8-14-12
19.2122 1 1 1 16 11 360 1 3089,6698,8005 1 4 16-17-19-18-11
19.2388 1 1 2 6 12 30 10 3935,4888 3947 8 6-4-10-11-18-19-17-14-12
19.2488 1 1 2 16 14 12 10 346,1960 345 2 16-17-14
19.2604 1 1 1 6 13 360 1 3025,5369,6631 1 9 6-4-10-11-18-19-17-16-15-13
19.3043 1 1 1 3 17 360 1 1132,1939,6491 2 4 3-7-8-14-17
19.3082 1 1 1 16 6 360 1 3249,5900,6241 1 7 16-17-19-18-11-10-4-6
19.326 1 0 1 2 19 360 1 221,1319,4491 -1 -1 
19.3545 1 1 1 9 14 360 1 6203,7059,7243 0 6 9-10-11-18-19-17-14
19.3965 1 1 1 1 10 360 1 2981,5130,7339 0 3 1-7-9-10
19.4062 1 1 1 18 19 360 1 307,1148,8013 0 1 18-19
19.4356 1 1 1 4 2 360 1 1520,2757,3293 0 1 4-2
19.4454 1 1 1 19 12 360 1 4856,5981,6264 1 3 19-17-14-12
19.4505 1 1 1 8 14 360 1 1865,2669,6027 2 5 8-11-18-19-17-14
19.4917 1 1 1 2 13 360 1 2507,6699,7767 1 5 2-7-8-14-12-13
19.5212 1 1 2 9 13 276 10 2710,7683 5059 8 9-10-11-18-19-17-14-12-13
19.5692 1 1 2 15 3 84 10 447,3755 479 6 15-12-14-8-7-1-3
19.5909 1 1 1 14 9 360 1 4290,4516,8146 0 6 14-17-19-18-11-10-9
19.6977 1 1 1 5 4 360 1 1312,6615,7657 1 1 5-4
19.8102 1 1 1 14 1 360 1 477,2919,7543 2 3 14-8-7-1
19.8754 1 1 1 18 2 360 1 3669,4657,7258 2 4 18-11-8-7-2
19.8802 1 1 1 1 11 360 1 1963,3813,4269 2 4 1-7-9-10-11
19.882 1 1 2 16 6 42 10 4224,7858 4223 6 16-17-14-8-7-3-6
19.9402 1 1 1 13 14 360 1 1024,4627,7381 2 2 13-12-14
20.0898 2 0 1 7 18 360 1 527,1772,3011 -1 -1 
20.1453 2 1 1 2 18 360 1 2135,5660,6416 1 4 2-4-10-11-18
20.1706 2 1 1 18 4 360 1 2194,3107,7277 2 3 18-11-10-4
20.176 2 1 1 3 15 360 1 2111,3061,7964 2 5 3-7-8-14-12-15
20.2408 2 1 1 15 17 360 1 3387,4998,7540 0 2 15-16-17
20.2644 2 1 1 1 17 360 1 2871,5614,7057 1 4 1-7-8-14-17
20.292 2 1 2 14 4 60 10 2621,5732 2673 4 14-8-7-3-4
20.2939 2 1 2 13 15 258 10 5301,5890 5299 1 13-15
20.34 2 1 1 5 1 360 1 1022,4245,6655 1 3 5-4-3-1
20.3559 2 1 1 19 16 360 1 2490,7072,8017 1 2 19-17-16
20.367 2 0 1 12 10 360 1 1053,2381,4035 -1 -1 
20.4727 2 1 2 16 7 336 10 2674,5377 5342 6 16-17-19-18-11-8-7
20.4777 2 0 1 11 12 360 1 855,1786,2576 -1 -1 
20.5035 2 1 1 16 1 360 1 3560,5648,6647 2 5 16-17-14-8-7-1
20.5053 2 1 1 4 19 360 1 3334,4470,7080 2 4 4-10-11-18-19
20.5236 2 1 1 11 17 360 1 368,1596,2388 1 3 11-18-19-17
20.5636 2 1 1 4 8 360 1 4698,5543,8063 2 3 4-10-11-8
20.5976 2 1 2 6 15 24 10 1931,2649 2017 7 6-4-2-7-8-14-12-15
20.6155 2 0 1 11 2 360 1 1203,3616,5314 -1 -1 
20.6501 2 1 2 3 1 240 10 1859,7367 1857 1 3-1
20.7049 2 1 1 1 4 360 1 1604,4896,7289 0 2 1-3-4
20.732 2 1 2 5 18 18 10 5053,6730 5051 6 5-4-3-7-8-11-18
20.763 2 1 2 8 11 24 10 5345,6112 5343 1 8-11
20.7809 2 1 2 16 13 36 10 380,399 378 2 16-15-13
20.8301 2 0 1 12 8 360 1 560,1170,5083 -1 -1 
20.8719 2 1 2 2 12 108 10 4716,7983 4899 4 2-7-8-14-12
20.8794 2 1 1 5 3 360 1 1720,3301,4136 0 2 5-4-3
20.8806 2 1 1 16 13 360 1 4772,7338,7387 0 2 16-15-13
20.9081 2 1 1 9 7 360 1 92,2004,2649 0 1 9-7
20.9311 2 1 2 16 1 54 10 56,4866 54 5 16-17-14-8-7-1
21.0075 2 1 2 10 1 24 10 1673,7906 1671 3 10-9-7-1
21.0085 2 1 2 12 5 24 10 5451,6195 5449 6 12-14-8-11-10-4-5
21.0462 2 1 2 7 19 54 10 4541,7450 4539 4 7-8-11-18-19
21.1019 2 1 1 4 11 360 1 4157,5656,7954 0 5 4-3-7-9-10-11
21.1045 2 0 1 2 19 360 1 334,5333,5436 -1 -1 
21.1341 2 1 1 1 2 360 1 1746,2838,6331 0 1 1-2
21.1626 2 1 2 2 16 84 10 2468,3723 2981 6 2-7-8-14-12-15-16
21.2876 2 1 1 4 18 360 1 2515,8169,8281 1 3 4-10-11-18
21.2998 2 1 1 3 8 360 1 1846,3783,5887 2 2 3-7-8
21.3524 2 0 1 8 12 360 1 2553,3105,3244 -1 -1 
21.3577 2 1 1 14 6 360 1 1187,1194,6946 2 7 14-17-19-18-11-10-4-6
21.3707 2 1 2 14 10 12 10 368,5169 366 4 14-8-7-9-10
21.4155 2 1 2 18 15 252 10 2673,5118 2994 4 18-19-17-16-15
21.4178 2 1 1 2 5 360 1 72,4869,7155 0 2 2-4-5
21.4319 2 1 1 4 15 360 1 4,95,4916 0 6 4-3-7-8-14-12-15
21.4645 2 1 1 19 15 360 1 5787,6556,8281 0 3 19-17-16-15
21.5283 2 1 1 3 13 360 1 1501,4428,7605 2 5 3-7-8-14-12-13
21.5445 2 1 1 14 18 360 1 2287,3075,6384 2 3 14-17-19-18
21.5981 2 1 2 14 8 36 10 6206,6711 6204 5 14-17-19-18-11-8
21.6143 2 1 2 13 3 60 10 632,1320 630 9 13-15-16-17-19-18-11-8-7-3
21.6314 2 1 2 16 15 12 10 1081,4142 1141 1 16-15
21.6361 2 1 1 8 11 360 1 3281,5406,8174 2 1 8-11
21.6424 2 1 1 18 13 360 1 610,2668,5716 0 5 18-19-17-16-15-13
21.6456 2 1 1 16 5 360 1 2152,6560,7486 1 7 16-17-19-18-11-10-4-5
21.7156 2 1 2 1 12 132 10 675,4675 1421 9 1-7-9-10-11-18-19-17-14-12
21.7221 2 1 1 8 13 360 1 4072,5333,5692 2 3 8-14-12-13
21.7562 2 1 1 1 5 360 1 6012,6880,7400 0 3 1-3-4-5
21.7653 2 1 1 7 2 360 1 495,1286,6423 0 1 7-2
21.8479 2 1 1 1 14 360 1 1363,3143,7430 2 3 1-7-8-14
21.8549 2 0 1 12 8 360 1 1933,4476,5219 -1 -1 
21.9115 2 1 1 3 10 360 1 5069,5103,7491 0 2 3-4-10
21.9131 2 1 2 12 19 138 10 891,4954 889 4 12-15-16-17-19
21.9766 2 1 1 8 12 360 1 1296,2541,6810 2 7 8-11-18-19-17-16-15-12
22.0199 2 1 1 13 7 360 1 4714,6335,8053 1 4 13-12-14-8-7
22.0387 2 1 2 18 1 312 10 5065,7584 5334 5 18-11-10-9-7-1
22.0503 2 1 1 19 1 360 1 4303,6565,7444 0 6 19-18-11-10-9-7-1
22.0696 2 1 2 6 15 48 10 5314,7004 5367 7 6-4-10-11-8-14-12-15
22.0885 2 0 2 16 7 12 10 723,930 -1 -1 
22.1304 2 1 2 1 13 30 10 4606,8492 4604 5 1-7-8-14-12-13
22.1761 2 1 2 13 18 54 10 7981,8169 7979 5 13-15-16-17-19-18
22.2163 2 1 2 12 19 282 10 5091,7726 5539 4 12-15-16-17-19
22.2529 2 1 2 12 10 144 10 1264,2605 1472 11 12-15-16-17-19-18-11-8-7-2-4-10
22.2581 2 1 1 12 14 360 1 722,3891,4779 1 4 12-15-16-17-14
22.2845 2 1 2 2 12 18 10 1703,8570 1701 4 2-7-8-14-12
22.2994 2 1 2 13 6 30 10 4422,5082 4458 10 13-15-16-17-19-18-11-8-7-3-6
22.3481 2 1 1 19 7 360 1 1203,2620,6928 2 5 19-18-11-10-9-7
22.353 2 1 2 14 4 42 10 1391,6794 1553 7 14-8-11-10-9-7-3-4
22.3728 2 0 1 9 17 360 1 3101,3899,5051 -1 -1 
22.4061 2 1 1 1 8 360 1 2315,5430,7823 0 2 1-7-8
22.4188 2 1 2 14 15 12 10 4116,7530 4114 2 14-12-15
22.4818 2 0 1 7 19 360 1 1209,1321,3231 -1 -1 
22.5452 2 1 2 2 12 24 10 1842,8435 1840 4 2-7-8-14-12
22.5756 2 0 2 15 8 228 10 1299,2755 -1 -1 
22.6265 2 1 2 19 13 48 10 4472,4656 4470 4 19-17-16-15-13
22.656 2 0 1 11 6 360 1 714,1202,3416 -1 -1 
22.6958 2 1 1 1 7 360 1 1314,3570,5751 0 2 1-3-7
22.7084 2 1 1 1 17 360 1 1402,7087,7560 1 7 1-7-9-10-11-18-19-17
22.7841 2 1 1 12 13 360 1 4380,5989,7072 0 1 12-13
22.7858 2 1 1 18 1 360 1 4974,5018,6433 2 4 18-11-8-7-1
22.7877 2 1 1 17 10 360 1 662,2350,7228 2 4 17-19-18-11-10
22.8132 2 1 1 9 17 360 1 4684,6348,7226 1 4 9-7-8-14-17
22.8498 2 1 1 1 3 360 1 3724,6571,8147 0 1 1-3
22.8665 2 1 1 8 19 360 1 221,1983,6386 2 3 8-11-18-19
22.9085 2 0 1 4 17 360 1 4017,6001,6221 -1 -1 
22.9094 2 1 1 3 5 360 1 559,2982,4012 0 2 3-4-5
22.9104 2 0 1 4 16 360 1 265,1512,4435 -1 -1 
22.9182 2 1 1 9 10 360 1 2487,2735,5554 0 1 9-10
22.9338 2 1 2 12 17 240 10 4007,7233 4264 2 12-14-17
22.94 2 1 2 13 12 24 10 3783,6294 3781 1 13-12
23.0093 2 0 1 5 16 360 1 1985,2165,4047 -1 -1 
23.0537 2 1 1 2 4 360 1 1257,1943,4330 0 1 2-4
23.0548 2 1 1 5 9 360 1 2884,6666,7036 0 3 5-4-10-9
23.0797 2 0 1 4 13 360 1 1024,3893,4135 -1 -1 
23.1207 2 1 1 9 7 360 1 4513,6211,8219 0 1 9-7
23.1526 2 1 1 10 18 360 1 3701,5363,7364 2 2 10-11-18
23.1664 2 1 1 1 4 360 1 688,2668,6881 0 2 1-3-4
23.1969 2 1 2 11 15 210 10 1883,7227 3691 5 11-18-19-17-16-15
23.2009 2 1 1 16 6 360 1 2123,3405,6605 2 6 16-17-14-8-7-3-6
23.223 2 1 2 3 2 114 10 2461,3393 2459 2 3-7-2
23.3124 2 0 2 12 5 162 10 2951,3823 -1 -1 
23.3331 2 0 2 4 12 192 10 4263,4524 -1 -1 
23.3486 2 1 1 12 19 360 1 835,4081,5560 1 4 12-15-16-17-19
23.3491 2 1 1 11 6 360 1 5205,5996,6842 1 3 11-10-4-6
23.3838 2 0 1 19 17 360 1 1123,1984,2731 -1 -1 
23.433 2 1 2 8 11 84 10 4878,8184 5069 1 8-11
23.467 2 1 2 14 10 12 10 7211,7917 7209 3 14-8-11-10
23.4976 2 1 1 10 4 360 1 6103,6989,7778 0 1 10-4
23.528 2 1 2 19 5 30 10 340,3340 381 5 19-18-11-10-4-5
23.5362 2 0 1 19 6 360 1 2567,2580,5327 -1 -1 
23.5554 2 1 2 9 10 30 10 3546,8009 3544 1 9-10
23.5846 2 1 2 1 9 30 10 4838,6305 4836 2 1-7-9
23.5848 2 1 1 3 2 360 1 2184,3209,7595 0 2 3-7-2
23.6258 2 1 1 8 6 360 1 1605,2490,7398 2 3 8-7-3-6
23.6267 2 1 1 13 17 360 1 4626,4780,6444 1 3 13-15-16-17
23.636 2 1 1 12 7 360 1 2616,5658,8012 2 3 12-14-8-7
23.6966 2 1 1 7 4 360 1 5627,6338,6366 0 2 7-3-4
23.7193 2 1 2 7 14 18 10 1784,2315 1782 2 7-8-14
23.7831 2 0 1 7 19 360 1 561,1858,4027 -1 -1 
23.7994 2 1 1 19 3 360 1 2408,4403,6462 2 5 19-17-14-8-7-3
23.8329 2 1 1 18 10 360 1 1014,1827,8208 2 2 18-11-10
23.886 2 1 2 14 5 90 10 472,1707 1200 7 14-17-19-18-11-10-4-5
23.8951 2 1 2 6 8 126 10 1843,4759 2041 3 6-3-7-8
23.8998 2 1 1 8 14 360 1 463,6565,6574 1 1 8-14
23.9064 2 0 1 16 8 360 1 2611,3836,4269 -1 -1 
23.9518 2 1 1 11 8 360 1 1779,5530,6014 2 1 11-8
24.005 2 1 2 1 14 84 10 8025,8206 8023 3 1-7-8-14
24.0513 2 1 1 8 18 360 1 85,5110,7962 0 4 8-14-17-19-18
24.0562 2 1 1 6 10 360 1 1037,2251,7429 1 4 6-3-7-9-10
24.1023 2 0 1 11 12 360 1 1597,2023,4024 -1 -1 
24.2275 2 1 1 11 3 360 1 2986,4001,7067 0 3 11-10-4-3
24.2355 2 1 1 19 2 360 1 1853,3999,6307 2 5 19-17-14-8-7-2
24.2425 2 1 1 19 14 360 1 5399,5947,6452 2 2 19-17-14
24.2576 2 1 2 13 5 198 10 5047,5852 5678 7 13-12-14-8-11-10-4-5
24.3091 2 1 1 10 7 360 1 4126,5563,8248 0 2 10-9-7
24.3243 2 1 1 1 13 360 1 1808,5559,7096 2 10 1-7-9-10-11-18-19-17-16-15-13
24.3514 2 1 1 18 12 360 1 3512,5003,7220 2 4 18-19-17-14-12
24.4051 2 1 2 9 6 96 10 3181,7740 3179 3 9-10-4-6
24.4352 2 1 1 13 3 360 1 2351,3009,7375 2 5 13-12-14-8-7-3
24.4564 2 1 1 1 7 360 1 117,2093,6514 0 1 1-7
24.482 2 1 2 14 1 36 10 5988,8137 5986 3 14-8-7-1
24.4979 2 0 2 19 2 84 10 2749,2844 -1 -1 
24.5558 2 1 1 5 8 360 1 1880,3783,7877 2 4 5-4-10-11-8
24.5958 2 0 2 18 1 306 10 4638,5660 -1 -1 
24.645 2 1 1 4 12 360 1 3810,5841,7486 2 5 4-10-11-8-14-12
24.6752 2 0 1 2 15 360 1 3974,4632,6030 -1 -1 
24.6796 2 1 1 6 11 360 1 402,2186,7814 2 3 6-4-10-11
24.7207 2 0 1 6 16 360 1 1529,2347,3189 -1 -1 
24.762 2 1 1 13 8 360 1 2469,7835,8066 1 3 13-12-14-8
24.7776 2 1 1 18 15 360 1 1801,4134,4400 1 4 18-19-17-16-15
24.8305 2 1 1 19 17 360 1 1073,6283,6500 1 1 19-17
24.8404 2 1 1 9 15 360 1 2030,4659,7485 2 5 9-7-8-14-12-15
24.9925 2 1 1 8 1 360 1 3234,5238,7728 2 2 8-7-1
25.0296 2 1 2 1 2 12 10 974,2447 972 1 1-2
25.2465 2 1 1 8 1 360 1 802,4648,6556 2 2 8-7-1
25.271 2 1 1 13 8 360 1 1503,3981,5798 2 5 13-15-16-17-14-8
25.31 2 1 1 15 17 360 1 2790,4653,6757 2 2 15-16-17
25.3107 2 1 1 4 9 360 1 2454,3803,5330 0 3 4-3-7-9
25.3115 2 0 2 15 5 144 10 1553,4141 -1 -1 
25.3311 2 1 1 5 10 360 1 1712,5828,8024 0 6 5-4-3-1-7-9-10
25.3783 2 1 1 3 11 360 1 1183,3084,5796 1 3 3-4-10-11
25.4631 2 0 1 18 9 360 1 1008,2951,5951 -1 -1 
25.4784 2 1 1 7 13 360 1 459,2676,7041 2 9 7-9-10-11-18-19-17-16-15-13
25.5065 2 1 2 2 15 48 10 1278,8281 1568 9 2-7-9-10-11-18-19-17-16-15
25.6459 2 1 1 12 6 360 1 3104,7453,7612 1 5 12-14-8-7-3-6
25.7784 2 1 1 4 14 360 1 192,5550,5740 2 4 4-10-11-8-14
25.8198 2 1 2 7 11 66 10 4009,7299 4007 2 7-8-11
25.87 2 1 1 2 4 360 1 1778,5295,6771 0 1 2-4
25.8853 2 0 1 1 13 360 1 1514,4546,5928 -1 -1 
25.9122 2 1 1 14 13 360 1 7149,7231,7326 0 4 14-17-16-15-13
25.9377 2 1 2 6 14 132 10 2178,2721 2427 5 6-4-2-7-8-14
25.9918 2 1 1 6 4 360 1 407,3716,7989 0 1 6-4
26.0064 2 0 1 1 14 360 1 714,1934,6075 -1 -1 
26.023 2 1 1 5 16 360 1 4841,7167,7619 1 7 5-4-10-11-18-19-17-16
26.0244 2 1 1 8 2 360 1 3113,3565,7915 2 2 8-7-2
26.0778 2 1 1 1 17 360 1 347,998,6745 2 4 1-7-8-14-17
26.0823 2 0 1 14 18 360 1 887,3496,4633 -1 -1 
26.0845 2 1 1 14 15 360 1 5005,6536,6723 1 2 14-12-15
26.1251 2 0 1 16 3 360 1 1524,4624,5435 -1 -1 
26.1448 2 1 2 3 17 12 10 2019,6981 2041 4 3-7-8-14-17
26.1688 2 1 1 12 19 360 1 1089,4509,7261 2 3 12-14-17-19
26.18 2 1 1 8 14 360 1 3670,4365,8173 2 1 8-14
26.1926 2 1 2 13 16 12 10 3738,7970 3736 2 13-15-16
26.2714 2 1 1 16 18 360 1 5979,7478,7892 1 3 16-17-19-18
26.3327 2 1 1 17 11 360 1 3788,3822,7251 2 3 17-19-18-11
26.3691 2 1 1 10 18 360 1 3404,6623,7560 1 2 10-11-18
26.4129 2 0 2 6 18 306 10 811,1710 -1 -1 
26.6291 2 1 1 3 5 360 1 1844,3149,6156 0 2 3-4-5
26.6359 2 1 2 5 3 30 10 770,2407 768 2 5-4-3
26.6582 2 1 2 5 13 102 10 1952,6336 3094 7 5-4-3-7-8-14-12-13
26.6835 2 1 2 3 12 12 10 1029,3175 1027 7 3-7-8-14-17-16-15-12
26.8029 2 1 1 12 13 360 1 3119,4971,5830 0 1 12-13
26.8278 2 0 1 3 17 360 1 920,1511,2089 -1 -1 
26.945 2 1 1 7 17 360 1 2771,4936,6534 2 3 7-8-14-17
26.9641 2 1 1 9 6 360 1 3835,4055,4786 0 4 9-7-2-4-6
27.0149 2 1 1 11 9 360 1 4233,4988,5685 0 2 11-10-9
27.0526 2 1 2 19 8 180 10 3415,7735 5058 3 19-17-14-8
27.0755 2 1 1 6 8 360 1 3595,5758,7853 1 3 6-3-7-8
27.0775 2 1 1 13 9 360 1 3824,3844,7139 2 8 13-15-16-17-19-18-11-10-9
27.0804 2 0 1 16 6 360 1 2345,3153,6896 -1 -1 
27.0992 2 1 2 14 12 168 10 2168,8375 2166 1 14-12
27.12 2 1 1 13 15 360 1 3924,4918,5101 0 1 13-15
27.1372 2 0 1 10 13 360 1 328,2902,6189 -1 -1 
27.1416 2 1 2 19 11 66 10 1672,6164 1716 2 19-18-11
27.1629 2 1 1 15 6 360 1 2640,5257,6600 2 6 15-12-14-8-7-3-6
27.2043 2 1 2 7 14 36 10 1651,4181 1782 6 7-8-11-18-19-17-14
27.2063 2 1 1 10 8 360 1 4221,4501,7897 2 2 10-11-8
27.3635 2 1 2 18 3 12 10 5058,7955 5153 4 18-11-8-7-3
27.3816 2 0 1 19 11 360 1 4234,5003,5207 -1 -1 
27.3894 2 1 1 9 4 360 1 7234,7547,7818 0 2 9-10-4
27.4381 2 0 1 6 15 360 1 2377,3796,4392 -1 -1 
27.4459 2 1 2 2 16 60 10 2100,4593 2219 5 2-7-8-14-17-16
27.4651 2 0 1 16 7 360 1 1180,1338,3362 -1 -1 
27.4898 2 1 1 12 9 360 1 2683,3991,5777 2 7 12-15-16-17-14-8-7-9
27.504 2 1 2 9 5 216 10 2157,3591 2297 5 9-7-1-2-4-5
27.5151 2 1 1 18 14 360 1 5463,7564,7745 1 3 18-19-17-14
27.6656 2 1 1 11 19 360 1 262,2959,7825 2 2 11-18-19
27.7055 2 1 2 4 19 18 10 1409,4595 1616 6 4-3-7-8-11-18-19
27.7061 2 1 1 15 8 360 1 5977,6821,7525 1 6 15-16-17-19-18-11-8
27.7331 2 1 1 7 12 360 1 255,6290,7111 1 3 7-8-14-12
27.7617 2 1 1 4 19 360 1 2825,3083,5794 2 4 4-10-11-18-19
27.7866 2 1 2 13 15 126 10 2198,2375 2196 1 13-15
27.7903 2 1 2 9 12 18 10 4883,7492 4969 7 9-10-11-18-19-17-14-12
27.797 2 0 1 13 1 360 1 1622,2603,4970 -1 -1 
27.8463 2 1 1 7 2 360 1 2701,3162,8024 0 1 7-2
27.8907 2 1 2 9 2 42 10 5943,8033 5941 2 9-7-2
27.9818 2 1 2 11 2 108 10 2015,7118 2013 3 11-10-4-2
27.9872 2 0 1 16 7 360 1 3146,3849,4971 -1 -1 
28.002 2 0 2 6 8 336 10 795,5197 -1 -1 
28.0074 2 0 1 10 12 360 1 1272,5103,5534 -1 -1 
28.0087 2 1 1 19 7 360 1 765,1906,6335 2 4 19-17-14-8-7
28.0217 2 1 1 7 16 360 1 4669,6412,7546 1 7 7-9-10-11-18-19-17-16
28.1047 2 1 2 19 3 84 10 4768,8040 5678 5 19-17-14-8-7-3
28.1251 2 1 1 9 2 360 1 4918,6472,7830 0 2 9-7-2
28.2446 2 1 2 16 7 300 10 1375,8191 6258 8 16-15-12-14-8-11-10-9-7
28.2454 2 1 1 4 1 360 1 862,3362,7711 0 2 4-3-1
28.3677 2 0 1 4 8 360 1 1959,3124,4059 -1 -1 
28.4319 2 0 1 15 8 360 1 1245,1977,2299 -1 -1 
28.4633 2 1 1 15 11 360 1 4961,5404,6462 2 4 15-12-14-8-11
28.4802 2 1 1 7 9 360 1 1159,3276,6403 1 1 7-9
28.558 2 1 1 5 9 360 1 1027,1183,2140 2 4 5-4-3-7-9
28.5639 2 1 2 10 2 30 10 1496,6758 1595 4 10-9-7-1-2
28.612 2 0 1 1 15 360 1 1419,3103,5439 -1 -1 
28.6146 2 0 1 14 9 360 1 1518,1630,3335 -1 -1 
28.6212 2 1 2 19 6 78 10 2505,3493 2503 5 19-18-11-10-4-6
28.6281 2 0 1 16 5 360 1 236,4990,5630 -1 -1 
28.6925 2 1 1 18 6 360 1 1394,5403,6302 2 4 18-11-10-4-6
28.7731 2 1 1 16 1 360 1 6256,6768,7409 0 8 16-17-19-18-11-10-9-7-1
28.7853 2 1 1 2 13 360 1 3316,5687,5825 2 7 2-7-8-14-17-16-15-13
28.8363 2 0 1 12 9 360 1 43,3060,5934 -1 -1 
28.9139 2 1 1 1 7 360 1 1753,6128,6860 0 1 1-7
28.9246 2 1 2 15 12 12 10 1591,5820 1589 1 15-12
28.9321 2 0 1 8 7 360 1 866,3041,3072 -1 -1 
28.9838 2 1 1 6 9 360 1 3705,7258,7835 0 4 6-4-2-7-9
28.9851 2 1 1 6 3 360 1 71,1225,4554 0 1 6-3
29 2 0 1 8 18 360 1 636,1284,5272 -1 -1 
29.0058 2 1 1 1 2 360 1 217,4774,5117 0 1 1-2
29.0072 2 1 1 1 4 360 1 4718,6819,7766 0 2 1-3-4
29.0951 2 1 1 4 2 360 1 2940,6297,8084 0 1 4-2
29.0985 2 1 1 7 9 360 1 1278,2283,4555 1 1 7-9
29.1228 2 1 1 2 3 360 1 4029,4165,5813 0 2 2-4-3
29.1451 2 0 1 16 2 360 1 1891,2520,6049 -1 -1 
29.1974 2 1 1 6 5 360 1 5743,5751,7928 0 2 6-4-5
29.2221 2 1 1 14 8 360 1 4560,4789,8190 2 1 14-8
29.2263 2 1 1 11 16 360 1 876,2965,6701 2 4 11-18-19-17-16
29.3114 2 1 1 16 12 360 1 1083,1643,8144 1 2 16-15-12
29.3513 2 1 1 16 13 360 1 1887,3752,6147 0 2 16-15-13
29.4236 2 0 1 14 2 360 1 1570,4215,4597 -1 -1 
29.4272 2 1 2 10 18 42 10 1617,5516 2067 2 10-11-18
29.4593 2 1 1 17 15 360 1 739,5684,6154 1 2 17-16-15
29.5371 2 1 1 4 3 360 1 1923,4357,5837 0 1 4-3
29.7287 2 1 1 8 14 360 1 210,7112,7801 1 5 8-11-18-19-17-14
29.738 2 1 1 5 14 360 1 6228,6859,7311 2 5 5-4-3-7-8-14
29.8857 2 0 1 4 12 360 1 556,5038,5956 -1 -1 
29.9048 2 0 1 17 18 360 1 886,3371,4883 -1 -1 
29.943 2 1 1 19 18 360 1 1999,7320,7882 1 1 19-18
29.9596 2 0 1 8 3 360 1 4036,4870,5232 -1 -1 
29.9912 2 1 1 15 9 360 1 1386,6667,7018 1 5 15-12-14-8-7-9
30.0072 3 1 1 2 13 360 1 1070,1576,6803 2 5 2-7-8-14-12-13
30.0343 3 1 2 4 18 42 10 3519,4691 3624 3 4-10-11-18
30.2299 3 1 1 1 11 360 1 1260,1918,7264 2 3 1-7-8-11
30.2373 3 1 1 18 19 360 1 59,834,1370 0 1 18-19
30.2558 3 1 1 4 8 360 1 2565,2653,5867 2 3 4-10-11-8
30.3016 3 1 1 12 4 360 1 3582,3679,6309 2 7 12-14-17-19-18-11-10-4
30.3215 3 1 1 10 11 360 1 3431,6202,8094 1 1 10-11
30.3401 3 1 1 2 4 360 1 1171,3826,4197 0 1 2-4
30.418 3 1 1 5 3 360 1 3264,3471,6071 0 2 5-4-3
30.4187 3 1 1 10 5 360 1 296,883,5845 2 2 10-4-5
30.4609 3 1 2 12 7 90 10 715,5891 3161 3 12-14-8-7
30.5252 3 1 2 10 11 138 10 730,7876 2120 1 10-11
30.5279 3 1 1 16 12 360 1 3249,3472,7057 0 2 16-15-12
30.5541 3 0 1 14 10 360 1 2879,3887,4447 -1 -1 
30.6737 3 0 1 16 11 360 1 2172,2449,5415 -1 -1 
30.7011 3 0 1 13 10 360 1 2000,2522,2654 -1 -1 
30.7178 3 1 1 11 8 360 1 1522,4839,5256 0 1 11-8
30.7184 3 0 1 11 5 360 1 2466,3677,3719 -1 -1 
30.8029 3 0 1 13 10 360 1 5139,6939,6962 -1 -1 
30.8158 3 0 1 4 12 360 1 756,3104,6383 -1 -1 
30.818 3 1 1 1 2 360 1 865,3308,6637 0 1 1-2
30.8406 3 0 1 10 13 360 1 479,3266,4045 -1 -1 
30.8644 3 0 1 18 15 360 1 1052,1775,3291 -1 -1 
30.9687 3 1 2 2 3 96 10 279,4928 276 2 2-7-3
30.9831 3 1 1 19 10 360 1 2431,6671,7167 1 3 19-18-11-10
30.99 3 1 1 15 4 360 1 1554,6263,7627 2 6 15-12-14-8-11-10-4
31.0013 3 1 1 3 15 360 1 4600,6743,7423 1 5 3-7-8-14-12-15
31.025 3 0 1 12 9 360 1 3757,4346,5943 -1 -1 
31.0258 3 1 1 6 2 360 1 723,2518,7263 0 3 6-3-1-2
31.0328 3 1 1 13 7 360 1 3030,7341,7622 1 6 13-15-16-17-14-8-7
31.0513 3 1 1 1 15 360 1 3821,7534,7965 1 8 1-7-8-11-18-19-17-16-15
31.0958 3 1 2 13 5 282 10 7179,8248 7188 7 13-12-14-8-7-3-4-5
31.1376 3 0 1 14 10 360 1 2879,3182,4467 -1 -1 
31.1733 3 1 1 18 2 360 1 695,1404,8232 2 4 18-11-8-7-2
31.1866 3 1 1 1 15 360 1 2253,4631,7867 2 5 1-7-8-14-12-15
31.2298 3 1 1 5 1 360 1 3868,4316,4940 0 3 5-4-3-1
31.2321 3 1 1 10 12 360 1 704,3236,5834 2 7 10-11-8-14-17-16-15-12
31.247 3 1 2 4 8 12 10 3794,5137 3791 3 4-3-7-8
31.2654 3 0 1 6 18 360 1 241,3964,4598 -1 -1 
31.3286 3 1 1 10 1 360 1 2080,4199,6429 0 3 10-9-7-1
31.4029 3 0 1 19 5 360 1 4074,5294,5446 -1 -1 
31.4259 3 0 1 9 15 360 1 2733,2841,7249 -1 -1 
31.4332 3 1 1 10 5 360 1 696,2019,7854 1 6 10-9-7-1-3-4-5
31.4704 3 1 1 17 3 360 1 3103,6981,7826 2 4 17-14-8-7-3
31.5986 3 1 1 12 17 360 1 2548,5427,7165 1 2 12-14-17
31.6073 3 1 1 2 9 360 1 392,3642,6579 1 2 2-7-9
31.6222 3 1 1 15 10 360 1 372,5484,8102 2 5 15-12-14-8-11-10
31.6621 3 0 1 14 9 360 1 759,3178,4723 -1 -1 
31.6738 3 0 2 18 1 246 10 724,2405 -1 -1 
31.7085 3 1 1 10 1 360 1 2391,5826,6667 0 3 10-9-7-1
31.7141 3 0 1 18 15 360 1 705,1781,1818 -1 -1 
31.7259 3 0 1 2 15 360 1 3541,4986,7328 -1 -1 
31.7301 3 0 1 11 15 360 1 340,2345,5701 -1 -1 
31.7669 3 1 1 16 3 360 1 2052,2626,6456 2 7 16-17-19-18-11-8-7-3
31.7867 3 1 1 12 4 360 1 6287,6641,8046 1 5 12-14-8-11-10-4
31.8627 3 1 2 5 16 60 10 1540,6760 2558 7 5-4-2-7-8-14-17-16
31.8803 3 0 1 8 10 360 1 1231,1572,3364 -1 -1 
31.8813 3 1 1 3 8 360 1 880,2229,6561 2 2 3-7-8
31.9372 3 1 2 1 16 30 10 5365,8133 5414 9 1-7-9-10-11-8-14-12-15-16
31.9563 3 1 1 10 1 360 1 669,1192,5890 0 3 10-9-7-1
31.9621 3 1 1 19 6 360 1 4854,6606,6668 1 5 19-18-11-10-4-6
31.9778 3 1 1 19 18 360 1 639,3055,5235 1 1 19-18
32.0051 3 1 1 19 16 360 1 2119,2439,6936 2 2 19-17-16
32.0098 3 1 1 3 10 360 1 1460,3048,6542 1 2 3-4-10
32.1094 3 0 2 13 11 132 10 668,3046 -1 -1 
32.1167 3 0 1 19 5 360 1 2980,4290,5506 -1 -1 
32.1501 3 1 2 5 18 30 10 48,5203 45 4 5-4-10-11-18
32.1547 3 1 2 7 16 18 10 6616,6809 6613 7 7-9-10-11-18-19-17-16
32.1591 3 1 2 3 6 12 10 2387,3086 2384 1 3-6
32.1655 3 0 1 11 3 360 1 4078,4797,5112 -1 -1 
32.1752 3 1 1 1 3 360 1 34,1914,2884 0 1 1-3
32.2071 3 0 1 18 7 360 1 2249,4501,7124 -1 -1 
32.2305 3 0 1 15 3 360 1 2638,4032,4370 -1 -1 
32.2608 3 1 1 4 3 360 1 1454,5405,5769 0 1 4-3
32.3189 3 1 2 19 17 18 10 3004,5673 3245 1 19-17
32.3666 3 1 1 18 19 360 1 5824,5876,5943 0 1 18-19
32.4358 3 1 1 18 16 360 1 169,567,3675 0 3 18-19-17-16
32.4909 3 1 1 3 7 360 1 1412,5368,6786 1 2 3-1-7
32.5055 3 1 2 2 14 30 10 579,7549 576 7 2-4-10-11-18-19-17-14
32.5288 3 0 2 8 16 90 10 654,1649 -1 -1 
32.5598 3 0 1 13 5 360 1 437,3010,6962 -1 -1 
32.5873 3 1 1 2 4 360 1 1194,3318,7369 0 1 2-4
32.6227 3 1 2 14 1 66 10 1222,4637 2296 3 14-8-7-1
32.6295 3 0 1 10 12 360 1 877,3661,5860 -1 -1 
32.6542 3 1 2 7 9 12 10 298,8296 295 1 7-9
32.6695 3 1 1 14 10 360 1 924,6032,7593 2 3 14-8-11-10
32.6892 3 0 2 11 18 288 10 3350,4077 -1 -1 
32.7173 3 0 1 9 14 360 1 1707,2638,7100 -1 -1 
32.7211 3 1 1 15 11 360 1 365,3279,7844 2 4 15-12-14-8-11
32.729 3 0 1 2 13 360 1 944,3664,3878 -1 -1 
32.7627 3 1 2 12 4 282 10 51,8098 7452 9 12-13-15-16-17-19-18-11-10-4
32.7686 3 0 1 5 14 360 1 2276,3494,4894 -1 -1 
32.7779 3 1 1 10 2 360 1 1652,2592,3624 0 4 10-9-7-1-2
32.7795 3 1 2 2 6 36 10 3383,8135 3380 2 2-4-6
32.7869 3 1 1 14 12 360 1 367,809,6137 0 4 14-17-16-15-12
32.795 3 0 1 2 18 360 1 2145,4423,7006 -1 -1 
32.8028 3 0 1 19 8 360 1 1008,3574,5115 -1 -1 
32.8033 3 1 2 16 4 234 10 273,6971 5761 6 16-17-19-18-11-10-4
32.8527 3 1 1 7 17 360 1 2521,4749,5790 2 3 7-8-14-17
32.8968 3 1 1 3 6 360 1 1771,3253,6468 0 2 3-4-6
32.9347 3 0 1 4 12 360 1 4780,5785,7133 -1 -1 
32.9569 3 0 1 2 17 360 1 4967,5073,7478 -1 -1 
32.981 3 0 2 12 3 252 10 3035,4441 -1 -1 
33.0242 3 1 1 18 17 360 1 719,2159,2447 0 2 18-19-17
