Arr_rate Arr_Time  arr_TS  is_acc  is_USST src  dest  dur  rate  ARopt  selectedOp  pathLen  path
0.00278312 0 1 2 15 18 258 10 1209,3525 1209 4 15-16-17-19-18
0.00498559 0 1 2 18 17 84 10 15,7982 15 2 18-19-17
0.129471 0 1 2 12 19 30 10 6095,6783 6095 3 12-14-17-19
0.130304 0 1 1 4 16 360 1 2713,4541,7678 0 6 4-10-11-18-19-17-16
0.147619 0 1 1 16 18 360 1 1922,4279,5357 0 3 16-17-19-18
0.179888 0 1 1 4 2 360 1 1763,3118,4309 0 1 4-2
0.186828 0 1 2 5 18 186 10 5401,6025 5401 4 5-4-10-11-18
0.242078 0 1 1 18 16 360 1 3243,4375,6344 0 3 18-19-17-16
0.257539 0 1 1 5 16 360 1 816,850,2708 0 7 5-4-10-11-18-19-17-16
0.278156 0 1 2 13 15 18 10 3384,6595 3384 1 13-15
0.302388 0 1 1 4 1 360 1 732,3326,3821 0 2 4-3-1
0.34803 0 1 1 2 10 360 1 1546,3285,5492 0 2 2-4-10
0.380251 0 1 2 19 16 78 10 1432,1734 1432 2 19-17-16
0.393309 0 1 1 5 7 360 1 1132,3739,4748 0 3 5-4-3-7
0.434752 0 1 1 8 13 360 1 2531,3967,8159 0 3 8-14-12-13
0.52746 0 1 1 9 12 360 1 512,1024,3533 0 4 9-7-8-14-12
0.564883 0 1 1 4 16 360 1 1105,1790,4279 0 6 4-10-11-18-19-17-16
0.566153 0 1 1 16 4 360 1 3096,4073,6780 0 6 16-17-19-18-11-10-4
0.57242 0 1 2 15 6 30 10 490,1665 490 6 15-12-14-8-7-3-6
0.57308 0 1 2 18 5 30 10 6788,8252 6788 4 18-11-10-4-5
0.580981 0 1 2 5 13 36 10 2535,6390 2535 7 5-4-10-11-8-14-12-13
0.587278 0 1 2 3 15 54 10 609,1126 609 5 3-7-8-14-12-15
0.624965 0 1 2 3 17 240 10 1703,5324 1703 4 3-7-8-14-17
0.666333 0 1 1 2 11 360 1 1726,4306,6593 0 3 2-4-10-11
0.728298 0 1 2 9 7 78 10 1264,5145 1264 1 9-7
0.73028 0 1 2 8 4 72 10 4578,6486 4578 3 8-11-10-4
0.730612 0 1 1 14 13 360 1 689,7322,8277 0 2 14-12-13
0.774587 0 1 1 7 4 360 1 1374,3526,6467 0 2 7-3-4
0.78567 0 1 2 2 14 12 10 1492,2959 1492 3 2-7-8-14
0.798485 0 1 1 19 6 360 1 1969,5896,8217 0 5 19-18-11-10-4-6
0.798535 0 1 2 18 12 48 10 5186,6351 5186 4 18-19-17-14-12
0.80643 0 1 2 17 8 102 10 1767,7260 1767 2 17-14-8
0.825716 0 1 1 18 15 360 1 2043,6977,8199 0 4 18-19-17-16-15
0.833145 0 1 1 5 8 360 1 956,1290,5941 0 4 5-4-10-11-8
0.940595 0 1 1 10 2 360 1 1780,4044,4452 0 2 10-4-2
0.992376 0 1 2 5 4 354 10 2019,3241 2019 1 5-4
1.00483 0 1 1 12 1 360 1 4880,6405,6565 0 4 12-14-8-7-1
1.05605 0 1 2 14 1 210 10 2137,3087 2137 3 14-8-7-1
1.08038 0 1 1 16 2 360 1 180,2684,4018 0 5 16-17-14-8-7-2
1.08183 0 1 1 11 8 360 1 799,6220,6963 0 1 11-8
1.08192 0 1 1 6 14 360 1 3115,6765,8181 0 4 6-3-7-8-14
1.08819 0 1 2 3 17 204 10 3127,8231 3127 4 3-7-8-14-17
1.09924 0 1 1 19 18 360 1 3637,5780,6303 0 1 19-18
1.11594 0 1 1 17 15 360 1 2821,4812,5951 0 2 17-16-15
1.16377 0 1 1 3 10 360 1 1121,3863,8062 0 2 3-4-10
1.19144 0 1 1 14 8 360 1 5479,5678,6053 0 1 14-8
1.2355 0 1 2 13 16 36 10 2449,4476 2449 2 13-15-16
1.24749 0 1 1 10 5 360 1 305,3332,5706 0 2 10-4-5
1.28304 0 1 1 9 3 360 1 2456,2905,4540 0 2 9-7-3
1.35295 0 1 1 7 6 360 1 4431,4814,7808 0 2 7-3-6
1.35589 0 1 1 9 11 360 1 4316,6398,7841 0 2 9-10-11
1.3762 0 1 1 17 13 360 1 3614,6834,7549 0 3 17-16-15-13
1.44985 0 1 1 12 16 360 1 679,6419,7399 0 2 12-15-16
1.47463 0 1 1 6 4 360 1 512,882,2207 0 1 6-4
1.48359 0 1 1 13 6 360 1 440,677,1151 0 6 13-12-14-8-7-3-6
1.51649 0 1 2 12 10 24 10 498,6145 498 4 12-14-8-11-10
1.55583 0 1 1 12 19 360 1 3223,4432,7322 0 3 12-14-17-19
1.5732 0 1 2 4 6 12 10 3001,6972 3001 1 4-6
1.60509 0 1 2 11 3 18 10 162,5077 162 3 11-8-7-3
1.63364 0 1 1 8 4 360 1 936,1197,5964 0 3 8-11-10-4
1.64277 0 1 2 2 3 18 10 696,1243 696 2 2-7-3
1.6679 0 1 2 13 14 54 10 999,4187 999 2 13-12-14
1.68224 0 1 2 11 1 36 10 68,3975 68 3 11-8-7-1
1.69975 0 1 2 1 8 270 10 2416,6370 2416 2 1-7-8
1.72596 0 1 1 1 14 360 1 972,5549,7236 0 3 1-7-8-14
1.74494 0 1 2 19 2 102 10 5028,8407 5028 5 19-17-14-8-7-2
1.81361 0 1 1 14 8 360 1 100,4310,6926 0 1 14-8
1.82975 0 1 1 14 6 360 1 1245,6173,6458 0 4 14-8-7-3-6
1.87559 0 1 1 15 5 360 1 559,3255,6183 0 7 15-12-14-8-11-10-4-5
1.87755 0 1 1 8 11 360 1 1318,5535,6871 0 1 8-11
1.92431 0 1 1 18 17 360 1 1875,5172,7741 0 2 18-19-17
1.94874 0 1 2 7 6 60 10 6,6329 6 2 7-3-6
1.95681 0 1 2 8 15 84 10 3562,4935 3562 3 8-14-12-15
1.99976 0 1 1 16 19 360 1 801,4620,4684 0 2 16-17-19
2.0406 0 1 1 16 14 360 1 166,947,2135 0 2 16-17-14
2.04994 0 1 1 9 8 360 1 535,2751,4292 0 2 9-7-8
2.07872 0 1 1 15 17 360 1 1831,5704,7821 0 2 15-16-17
2.121 0 1 1 5 7 360 1 2321,2338,4029 0 3 5-4-3-7
2.15663 0 1 1 17 19 360 1 1126,5333,7447 0 1 17-19
2.19015 0 1 2 14 7 36 10 1430,1870 1430 2 14-8-7
2.23103 0 1 1 18 19 360 1 1789,1848,5827 0 1 18-19
2.25083 0 1 1 12 9 360 1 3621,4727,6475 0 4 12-14-8-7-9
2.25839 0 1 2 2 10 180 10 2286,3225 2286 2 2-4-10
2.27309 0 1 2 1 5 54 10 5516,8007 5516 3 1-3-4-5
2.2783 0 1 1 4 16 360 1 5363,6709,8232 0 6 4-10-11-18-19-17-16
2.28928 0 1 1 6 2 360 1 114,1772,6661 0 2 6-4-2
2.31953 0 1 1 1 15 360 1 2455,3075,7694 0 5 1-7-8-14-12-15
2.36194 0 1 2 3 9 168 10 131,7102 131 2 3-7-9
2.39951 0 1 1 9 6 360 1 406,2362,5192 0 3 9-10-4-6
2.42831 0 1 2 12 11 66 10 372,7692 372 3 12-14-8-11
2.43954 0 1 2 6 16 66 10 2547,4563 2547 6 6-3-7-8-14-17-16
2.44172 0 1 1 12 19 360 1 2086,5013,5543 0 3 12-14-17-19
2.49251 0 1 1 5 9 360 1 4683,7417,7576 0 3 5-4-10-9
2.49997 0 1 1 17 8 360 1 3168,3811,6623 0 2 17-14-8
2.54202 0 1 2 18 2 186 10 5792,6195 5792 4 18-11-8-7-2
2.57185 0 1 1 16 14 360 1 178,3212,7780 0 2 16-17-14
2.5892 0 1 1 6 3 360 1 2240,3108,5105 0 1 6-3
2.60964 0 1 1 15 7 360 1 213,4913,6331 0 7 15-16-17-19-18-11-8-7
2.61573 0 1 2 9 5 42 10 1852,5182 1852 3 9-10-4-5
2.65667 0 1 1 4 11 360 1 106,1775,3540 0 2 4-10-11
2.66449 0 1 1 8 1 360 1 595,4951,7187 0 2 8-7-1
2.68969 0 1 2 15 17 12 10 5286,8176 5286 2 15-16-17
2.744 0 1 2 3 6 198 10 744,5920 744 1 3-6
2.78256 0 1 1 11 13 360 1 6265,7108,8142 0 4 11-8-14-12-13
2.79397 0 1 1 4 13 360 1 563,842,1179 0 6 4-10-11-8-14-12-13
2.80343 0 1 1 9 10 360 1 352,5631,6770 0 1 9-10
2.81522 0 1 2 6 17 78 10 4713,7935 4713 5 6-3-7-8-14-17
2.84134 0 1 1 10 11 360 1 1407,4809,5202 0 1 10-11
2.86269 0 1 1 6 17 360 1 3893,5030,6094 0 5 6-3-7-8-14-17
2.88482 0 1 1 18 1 360 1 877,6305,6797 0 4 18-11-8-7-1
2.89665 0 1 1 15 1 360 1 65,2657,3247 0 5 15-12-14-8-7-1
2.90079 0 1 1 3 13 360 1 1999,5090,7542 0 5 3-7-8-14-12-13
2.90371 0 1 1 6 15 360 1 359,468,3983 0 8 6-4-10-11-18-19-17-16-15
2.91802 0 1 2 6 16 24 10 552,3445 552 6 6-3-7-8-14-17-16
2.94788 0 1 2 11 5 12 10 7266,8091 7266 3 11-10-4-5
2.97188 0 1 1 17 3 360 1 209,5384,6034 0 6 17-19-18-11-8-7-3
2.9892 0 1 1 11 4 360 1 41,4723,7543 0 2 11-10-4
2.99275 0 1 1 6 2 360 1 4437,5258,5461 0 2 6-4-2
2.99385 0 1 1 2 10 360 1 366,3374,7415 0 2 2-4-10
3.06038 0 1 1 2 8 360 1 2923,6121,6724 0 2 2-7-8
3.16704 0 1 1 14 3 360 1 1611,6416,7585 0 3 14-8-7-3
3.1904 0 1 1 16 11 360 1 1590,2012,8148 0 4 16-17-19-18-11
3.20956 0 1 1 3 2 360 1 1883,3036,5411 0 2 3-7-2
3.2439 0 1 1 19 16 360 1 2139,4157,6919 0 2 19-17-16
3.28047 0 1 1 6 10 360 1 339,659,5197 0 2 6-4-10
3.31644 0 1 1 11 13 360 1 1431,6705,7852 0 4 11-8-14-12-13
3.31876 0 1 1 14 11 360 1 911,4804,4930 0 2 14-8-11
3.32474 0 1 1 10 9 360 1 1965,3258,3940 0 1 10-9
3.33094 0 1 1 13 3 360 1 843,890,5511 0 5 13-12-14-8-7-3
3.35689 0 1 1 4 1 360 1 885,3443,3891 0 2 4-3-1
3.40153 0 1 1 5 3 360 1 3422,5806,6473 0 2 5-4-3
3.42208 0 1 1 12 5 360 1 3565,5497,8067 0 6 12-14-8-11-10-4-5
3.46168 0 1 2 6 13 114 10 4910,6348 4910 6 6-3-7-8-14-12-13
3.46247 0 1 1 11 5 360 1 4111,4331,5516 0 3 11-10-4-5
3.47591 0 1 2 11 3 276 10 687,1294 687 3 11-8-7-3
3.48082 0 1 1 7 6 360 1 1169,1732,7099 0 2 7-3-6
3.48163 0 1 1 8 15 360 1 1863,3890,6064 0 3 8-14-12-15
3.60972 0 1 2 9 3 72 10 5487,7347 5487 2 9-7-3
3.68175 0 1 1 17 4 360 1 615,4019,4314 0 5 17-19-18-11-10-4
3.69677 0 1 1 19 5 360 1 1307,3029,6486 0 5 19-18-11-10-4-5
3.70055 0 1 2 6 3 30 10 2363,6902 2363 1 6-3
3.71038 0 1 1 7 3 360 1 4456,6108,6235 0 1 7-3
3.71212 0 1 2 12 19 48 10 3231,4760 3231 3 12-14-17-19
3.78454 0 1 1 6 1 360 1 3750,4108,6545 0 2 6-3-1
3.79536 0 1 1 3 12 360 1 4715,6724,6810 0 4 3-7-8-14-12
3.84748 0 1 2 16 7 234 10 2604,5384 2604 7 16-17-19-18-11-10-9-7
3.88022 0 1 1 10 3 360 1 4662,6696,7977 0 2 10-4-3
3.88132 0 1 1 3 16 360 1 63,5854,7901 0 5 3-7-8-14-17-16
3.88451 0 1 1 4 12 360 1 592,3226,7343 0 5 4-10-11-8-14-12
3.89567 0 1 2 17 7 72 10 2173,6048 2173 3 17-14-8-7
3.92015 0 1 1 6 1 360 1 2832,5042,5587 0 2 6-3-1
3.93455 0 1 1 7 1 360 1 687,2489,4931 0 1 7-1
3.96504 0 1 1 9 3 360 1 366,2928,3620 0 3 9-10-4-3
3.97689 0 1 1 9 15 360 1 3145,5893,7664 0 5 9-7-8-14-12-15
4.00185 0 1 2 6 12 12 10 1147,6221 1147 5 6-3-7-8-14-12
4.07551 0 1 1 8 5 360 1 1574,5473,8086 0 4 8-11-10-4-5
4.08794 0 1 2 11 13 216 10 2052,6925 2052 6 11-18-19-17-16-15-13
4.09982 0 1 1 10 16 360 1 4065,5942,6150 0 5 10-11-18-19-17-16
4.1275 0 1 1 13 10 360 1 553,1890,5861 0 5 13-12-14-8-11-10
4.14492 0 1 1 6 16 360 1 725,6879,7231 0 6 6-3-7-8-14-17-16
4.15559 0 1 1 6 7 360 1 2705,4233,5857 0 2 6-3-7
4.18395 0 1 2 1 6 30 10 1110,6315 1110 2 1-3-6
4.18935 0 1 1 3 14 360 1 22,935,4654 0 3 3-7-8-14
4.1998 0 1 1 17 6 360 1 17,5649,7294 0 5 17-14-8-7-3-6
4.20962 0 1 1 10 17 360 1 5872,6903,7658 0 4 10-11-18-19-17
4.31656 0 1 1 15 14 360 1 277,4500,5463 0 3 15-16-17-14
4.35227 0 1 1 17 9 360 1 3239,3748,5121 0 5 17-19-18-11-10-9
4.35885 0 1 1 11 1 360 1 4024,7541,7847 0 3 11-8-7-1
4.36312 0 1 1 11 6 360 1 3309,3839,8089 0 3 11-10-4-6
4.41697 0 1 1 2 9 360 1 4743,7161,7419 0 2 2-7-9
4.44069 0 1 1 14 15 360 1 2537,2994,7112 0 2 14-12-15
4.4468 0 1 1 16 17 360 1 5888,6996,7373 0 1 16-17
4.4643 0 1 1 6 12 360 1 61,1436,4089 0 5 6-3-7-8-14-12
4.51053 0 1 1 11 14 360 1 421,1545,7707 0 4 11-18-19-17-14
4.51529 0 1 1 9 17 360 1 842,7329,7842 0 4 9-7-8-14-17
4.52361 0 1 1 3 11 360 1 2565,2980,7053 0 3 3-4-10-11
4.52477 0 1 1 3 1 360 1 745,2166,3244 0 1 3-1
4.52544 0 1 1 4 13 360 1 7308,7365,7699 0 6 4-10-11-8-14-12-13
4.53052 0 1 1 4 16 360 1 1960,7419,7509 0 6 4-10-11-18-19-17-16
4.55861 0 1 1 12 14 360 1 2528,6072,7954 0 1 12-14
4.588 0 1 1 2 12 360 1 3301,4109,5322 0 4 2-7-8-14-12
4.6259 0 1 1 14 10 360 1 595,6740,7724 0 3 14-8-11-10
4.67784 0 1 2 14 15 360 10 5151,8029 5151 2 14-12-15
4.6831 0 1 1 11 8 360 1 2349,3406,7230 0 1 11-8
4.69522 0 1 2 10 14 294 10 999,1765 999 3 10-11-8-14
4.70259 0 1 2 8 18 18 10 3756,6073 3756 2 8-11-18
4.70762 0 1 2 1 10 12 10 3978,8565 3978 3 1-7-9-10
4.77838 0 1 2 12 9 324 10 270,6394 270 8 12-15-16-17-19-18-11-10-9
4.79761 0 1 1 12 4 360 1 866,2994,5349 0 7 12-14-17-19-18-11-10-4
4.82563 0 1 1 9 4 360 1 2177,2441,4422 0 2 9-10-4
4.855 0 1 1 14 4 360 1 1925,3903,6047 0 6 14-17-19-18-11-10-4
4.90738 0 1 1 14 19 360 1 23,830,7675 0 2 14-17-19
4.92034 0 1 1 8 2 360 1 620,1614,4727 0 2 8-7-2
4.92666 0 1 1 11 3 360 1 1043,1515,3600 0 3 11-8-7-3
4.94352 0 1 2 3 5 288 10 4291,6674 4291 2 3-4-5
4.94395 0 1 1 3 1 360 1 2247,3728,7330 0 1 3-1
4.95676 0 1 1 3 8 360 1 874,6767,7898 0 2 3-7-8
5.0142 0 1 2 10 8 174 10 895,1003 895 2 10-11-8
5.06533 0 1 1 4 3 360 1 282,7061,8234 0 1 4-3
5.1039 0 1 1 2 9 360 1 2874,4744,5776 0 2 2-7-9
5.10926 0 1 1 18 11 360 1 1717,2818,5125 0 1 18-11
5.12672 0 1 1 5 17 360 1 1001,2445,3156 1 6 5-4-10-11-18-19-17
5.13451 0 1 2 3 10 114 10 114,1678 114 2 3-4-10
5.13625 0 1 1 18 19 360 1 5593,6011,7810 0 1 18-19
5.14998 0 1 1 15 12 360 1 3422,5648,6444 0 1 15-12
5.15157 0 1 1 16 8 360 1 446,2398,6488 0 5 16-17-19-18-11-8
5.17151 0 1 1 1 11 360 1 669,1690,4729 0 7 1-7-8-14-17-19-18-11
5.17379 0 1 2 14 10 78 10 2571,3190 2571 3 14-8-11-10
5.20599 0 1 2 18 7 108 10 129,1494 129 3 18-11-8-7
5.21149 0 1 2 18 1 42 10 3029,4306 3029 4 18-11-8-7-1
5.21477 0 1 1 8 4 360 1 4133,4909,6423 0 3 8-11-10-4
5.23608 0 1 1 12 10 360 1 2268,6528,8093 1 4 12-14-8-11-10
5.24191 0 1 1 6 4 360 1 3858,6656,7988 0 1 6-4
5.2982 0 1 2 2 4 144 10 6003,6656 6003 1 2-4
5.35591 0 1 2 6 16 24 10 6358,6610 6358 6 6-3-7-8-14-17-16
5.37707 0 1 2 14 16 48 10 3089,5419 3089 2 14-17-16
5.38661 0 1 1 10 7 360 1 2631,3763,6912 0 2 10-9-7
5.40221 0 1 1 16 9 360 1 1502,5730,8170 0 5 16-17-14-8-7-9
5.43398 0 1 1 16 4 360 1 1691,3723,5427 0 6 16-17-19-18-11-10-4
5.44331 0 1 1 14 12 360 1 1481,5471,8244 0 1 14-12
5.47917 0 1 2 14 4 30 10 225,4981 225 4 14-8-11-10-4
5.50328 0 1 2 10 18 18 10 3605,3999 3605 2 10-11-18
5.51074 0 1 1 3 2 360 1 5736,6301,8155 0 2 3-7-2
5.54527 0 1 2 6 15 42 10 1218,4326 1218 6 6-3-7-8-14-12-15
5.58736 0 1 1 10 1 360 1 3308,7447,7919 0 3 10-9-7-1
5.66373 0 1 1 13 15 360 1 2861,2959,4773 0 1 13-15
5.75577 0 1 2 11 18 12 10 2318,2972 2318 1 11-18
5.75725 0 1 1 4 5 360 1 2729,4562,5651 0 1 4-5
5.86102 0 1 1 11 4 360 1 174,4632,5880 1 2 11-10-4
6.01544 0 1 1 3 19 360 1 432,5297,7162 0 6 3-1-7-8-11-18-19
6.1242 0 1 1 4 16 360 1 3407,3663,6985 0 6 4-10-11-18-19-17-16
6.13777 0 1 1 15 11 360 1 2311,3248,8207 0 5 15-16-17-19-18-11
6.14729 0 1 1 18 16 360 1 1873,4763,7772 0 3 18-19-17-16
6.1716 0 1 1 5 11 360 1 2541,3042,3270 1 3 5-4-10-11
6.17583 0 1 2 18 17 96 10 4706,8090 4706 2 18-19-17
6.24135 0 1 1 1 14 360 1 794,1584,3440 1 3 1-7-8-14
6.27735 0 1 2 5 18 210 10 325,2617 325 6 5-4-3-7-8-11-18
6.27898 0 1 1 1 11 360 1 691,6060,7319 0 7 1-7-8-14-17-19-18-11
6.28686 0 1 1 13 3 360 1 2319,3596,4886 1 5 13-12-14-8-7-3
6.31311 0 1 1 13 6 360 1 2258,3108,5884 1 6 13-12-14-8-7-3-6
6.3356 0 1 1 2 6 360 1 3508,5001,7597 0 2 2-4-6
6.37228 0 1 1 14 4 360 1 4556,4584,7296 0 4 14-8-11-10-4
6.38017 0 1 1 7 4 360 1 559,6356,6488 0 2 7-2-4
6.45812 0 1 1 15 9 360 1 1238,3330,6819 0 7 15-16-17-19-18-11-10-9
6.48703 0 1 2 11 18 12 10 3821,6669 3821 1 11-18
6.50236 0 1 2 3 18 18 10 1945,6899 1945 4 3-4-10-11-18
6.50583 0 1 1 11 8 360 1 1183,5650,7094 0 1 11-8
6.50957 0 1 2 19 2 24 10 687,6690 687 5 19-17-14-8-7-2
6.53657 0 1 1 6 3 360 1 568,2616,7902 0 1 6-3
6.56739 0 1 2 4 15 54 10 585,598 585 6 4-10-11-8-14-12-15
6.57841 0 1 1 9 11 360 1 1971,3862,7122 0 2 9-10-11
6.62308 0 1 1 12 4 360 1 3594,4845,7438 0 5 12-14-8-11-10-4
6.63137 0 1 1 1 6 360 1 597,3803,5742 0 2 1-3-6
6.66037 0 0 1 17 2 360 1 268,745,822 -1 -1 
6.6611 0 1 1 3 1 360 1 965,2281,3457 0 1 3-1
6.66431 0 1 1 7 5 360 1 268,899,2785 0 3 7-3-4-5
6.67697 0 1 1 18 1 360 1 358,855,1256 2 4 18-11-8-7-1
6.6877 0 1 2 9 2 318 10 5471,7231 5471 2 9-7-2
6.70652 0 1 1 18 1 360 1 1480,3414,6502 0 4 18-11-8-7-1
6.71274 0 1 1 17 4 360 1 715,1488,2848 1 5 17-19-18-11-10-4
6.74096 0 1 2 3 16 72 10 109,323 109 7 3-4-10-11-18-19-17-16
6.85001 0 1 1 19 12 360 1 2036,3091,7178 0 3 19-17-14-12
6.86358 0 1 1 8 4 360 1 2086,6370,7035 0 3 8-11-10-4
6.88702 0 1 1 14 10 360 1 2912,6040,6933 0 3 14-8-11-10
6.94614 0 1 1 13 10 360 1 1532,2364,4702 0 5 13-12-14-8-11-10
6.96217 0 1 1 2 12 360 1 5686,6885,7527 0 4 2-7-8-14-12
6.96865 0 1 1 13 16 360 1 1248,2995,7891 0 2 13-15-16
6.97733 0 1 1 1 18 360 1 2298,3880,4213 1 4 1-7-8-11-18
7.00083 0 1 1 10 2 360 1 2069,3416,5686 0 2 10-4-2
7.02642 0 1 2 7 5 12 10 2834,5842 2834 3 7-3-4-5
7.06551 0 1 2 11 13 336 10 1641,2639 1641 6 11-18-19-17-16-15-13
7.07138 0 1 1 1 15 360 1 2368,2936,5446 1 5 1-7-8-14-12-15
7.10932 0 1 1 11 17 360 1 2350,3275,7807 0 3 11-18-19-17
7.12095 0 1 2 19 18 84 10 1748,2772 1748 1 19-18
7.13269 0 1 2 15 6 12 10 2529,6800 2529 6 15-12-14-8-7-3-6
7.19004 0 1 2 8 3 246 10 2022,7913 2022 4 8-11-10-4-3
7.20264 0 1 2 17 19 102 10 5727,7807 5727 1 17-19
7.20553 0 1 1 13 10 360 1 919,1237,7751 1 7 13-15-16-17-19-18-11-10
7.206 0 1 1 15 7 360 1 433,3424,8019 1 4 15-12-14-8-7
7.20684 0 1 1 11 5 360 1 5888,6878,7671 0 3 11-10-4-5
7.21025 0 1 1 17 7 360 1 675,5874,6281 1 3 17-14-8-7
7.23105 0 1 1 8 15 360 1 893,2960,5322 1 3 8-14-12-15
7.25248 0 1 1 11 7 360 1 375,2283,5172 2 2 11-8-7
7.276 0 1 1 16 9 360 1 677,2724,6725 1 5 16-17-14-8-7-9
7.38759 0 1 2 9 7 42 10 2503,5476 2503 1 9-7
7.42438 0 1 1 9 13 360 1 2169,2632,3155 0 8 9-10-11-18-19-17-16-15-13
7.45868 0 1 1 7 17 360 1 332,7226,7462 1 3 7-8-14-17
7.45902 0 1 1 19 2 360 1 1677,7331,8117 0 5 19-17-14-8-7-2
7.48547 0 1 1 18 3 360 1 185,1402,5914 1 4 18-11-8-7-3
7.4916 0 1 1 7 12 360 1 272,6001,7230 1 3 7-8-14-12
7.50468 0 1 2 1 14 30 10 6230,7805 6230 3 1-7-8-14
7.51193 0 1 2 13 11 96 10 368,3586 368 7 13-12-14-8-7-9-10-11
7.51346 0 1 1 6 17 360 1 3667,5923,7888 0 5 6-3-7-8-14-17
7.51654 0 1 1 10 18 360 1 2049,4007,6620 0 2 10-11-18
7.5616 0 1 2 14 7 48 10 1111,2179 1111 6 14-17-19-18-11-8-7
7.56972 0 1 1 12 3 360 1 1053,4642,7019 1 4 12-14-8-7-3
7.57439 0 1 2 9 6 132 10 5528,5586 5528 3 9-10-4-6
7.61454 0 1 1 10 14 360 1 1587,6105,7342 0 3 10-11-8-14
7.6299 0 1 2 19 8 222 10 931,2825 1159 3 19-18-11-8
7.66427 0 1 2 9 2 36 10 700,3404 700 3 9-10-4-2
7.6789 0 1 1 4 13 360 1 2554,4251,7166 1 6 4-10-11-8-14-12-13
7.75019 0 1 1 3 5 360 1 2230,6462,7532 0 2 3-4-5
7.84441 0 1 1 18 2 360 1 1111,1948,8064 0 4 18-11-10-4-2
7.86502 0 1 1 19 14 360 1 3766,3880,7301 0 2 19-17-14
7.88444 0 1 1 10 3 360 1 391,5182,7291 0 4 10-9-7-1-3
7.91539 0 1 1 10 12 360 1 1645,3333,5126 0 4 10-11-8-14-12
7.9582 0 1 1 13 19 360 1 3227,5112,5198 0 4 13-15-16-17-19
7.96362 0 1 1 12 1 360 1 3020,4868,6288 0 4 12-14-8-7-1
8.11792 0 1 1 9 12 360 1 1051,3693,3951 1 4 9-7-8-14-12
8.13599 0 1 2 8 17 18 10 3943,6600 3943 2 8-14-17
8.1944 0 1 1 2 15 360 1 830,1027,1431 2 5 2-7-8-14-12-15
8.24756 0 1 2 3 6 30 10 4320,4500 4320 1 3-6
8.29161 0 1 1 8 2 360 1 6375,7557,8187 0 2 8-7-2
8.33352 0 1 1 12 3 360 1 1767,6856,7781 1 4 12-14-8-7-3
8.38553 0 1 1 8 12 360 1 958,2117,7784 2 2 8-14-12
8.39966 0 1 1 4 19 360 1 316,1593,5573 2 4 4-10-11-18-19
8.39983 0 1 1 3 16 360 1 1210,2691,3593 1 5 3-7-8-14-17-16
8.44112 0 1 1 9 19 360 1 3257,3894,7613 0 4 9-10-11-18-19
8.44351 0 1 1 19 9 360 1 2935,4116,6051 0 4 19-18-11-10-9
8.48641 0 1 2 16 14 36 10 6128,6178 6128 2 16-17-14
8.56041 0 1 1 19 1 360 1 4231,7969,8120 0 5 19-17-14-8-7-1
8.64049 0 1 1 4 11 360 1 81,2756,4187 0 5 4-2-7-9-10-11
8.67063 0 1 1 13 12 360 1 1080,1945,5727 0 1 13-12
8.70831 0 1 1 18 9 360 1 1649,1653,5772 2 3 18-11-10-9
8.70955 0 1 1 15 11 360 1 3898,4462,6697 0 4 15-12-14-8-11
8.73132 0 1 1 4 6 360 1 1166,3781,7584 0 1 4-6
8.75077 0 1 2 19 6 306 10 3098,5524 3098 5 19-18-11-10-4-6
8.76181 0 1 2 14 4 36 10 2686,6599 2686 4 14-8-11-10-4
8.76284 0 1 2 1 9 306 10 4301,4642 4301 2 1-7-9
8.7658 0 1 1 14 19 360 1 3866,6203,6369 0 2 14-17-19
8.80001 0 1 2 12 9 36 10 8263,8284 8263 4 12-14-8-7-9
8.8294 0 1 2 10 8 228 10 873,2785 895 3 10-9-7-8
8.86854 0 1 1 17 2 360 1 1411,4274,5205 0 6 17-19-18-11-8-7-2
8.90241 0 1 1 11 19 360 1 168,3032,5863 0 2 11-18-19
8.94076 0 1 1 12 4 360 1 2207,2526,7447 2 5 12-14-8-11-10-4
8.95453 0 1 2 8 13 18 10 2792,7662 2792 3 8-14-12-13
9.06408 0 1 1 10 13 360 1 2130,5990,6437 1 5 10-11-8-14-12-13
9.08579 0 1 1 19 9 360 1 2397,5675,8219 1 4 19-18-11-10-9
9.08976 0 1 1 9 5 360 1 111,2771,6702 0 4 9-7-2-4-5
9.0948 0 1 1 15 14 360 1 767,3464,6697 0 2 15-12-14
9.10134 0 1 2 5 3 18 10 30,7357 30 2 5-4-3
9.12893 0 1 2 4 9 156 10 1218,4176 1218 2 4-10-9
9.1484 0 1 1 15 5 360 1 716,2227,6610 2 7 15-12-14-8-11-10-4-5
9.17424 0 1 1 14 18 360 1 357,365,8118 0 3 14-17-19-18
9.17962 0 1 1 17 16 360 1 343,1295,3158 0 1 17-16
9.18746 0 1 1 17 7 360 1 2331,5902,7016 1 3 17-14-8-7
9.18834 0 1 1 2 6 360 1 2180,3292,4999 0 2 2-4-6
9.19734 0 1 1 9 3 360 1 2983,3418,6034 0 2 9-7-3
9.23205 0 1 1 12 16 360 1 990,7767,8105 0 2 12-15-16
9.27113 0 1 2 2 19 30 10 5244,5830 5244 5 2-4-10-11-18-19
9.28534 0 1 1 2 16 360 1 1823,2457,7200 2 5 2-7-8-14-17-16
9.29531 0 1 1 4 14 360 1 40,6072,7011 0 9 4-2-7-9-10-11-18-19-17-14
9.30676 0 1 2 4 13 72 10 3204,6004 3204 6 4-10-11-8-14-12-13
9.34299 0 1 1 12 11 360 1 1178,4989,6150 1 6 12-15-16-17-19-18-11
9.44099 0 1 1 1 8 360 1 5797,7469,8110 0 2 1-7-8
9.44848 0 1 1 13 2 360 1 332,960,4203 2 5 13-12-14-8-7-2
9.47143 0 1 1 7 4 360 1 3133,4072,5238 0 2 7-3-4
9.47257 0 1 1 12 17 360 1 650,7433,7900 0 2 12-14-17
9.54161 0 1 1 8 1 360 1 1392,3108,6459 0 2 8-7-1
9.54405 0 1 1 15 16 360 1 692,1189,5036 0 1 15-16
9.55328 0 1 1 10 17 360 1 731,1420,6129 1 4 10-11-18-19-17
9.56461 0 1 1 8 1 360 1 1480,3437,7707 0 2 8-7-1
9.57883 0 1 1 6 9 360 1 4103,4350,4838 0 3 6-4-10-9
9.62183 0 0 1 13 7 360 1 880,985,1897 -1 -1 
9.65008 0 1 1 10 16 360 1 4877,5895,8074 0 5 10-11-18-19-17-16
9.6535 0 1 1 19 5 360 1 6255,6273,7084 0 5 19-18-11-10-4-5
9.66018 0 1 1 5 17 360 1 4243,5202,5910 0 6 5-4-10-11-18-19-17
9.66745 0 1 2 15 13 84 10 1590,5957 1590 1 15-13
9.76455 0 1 1 18 14 360 1 719,5013,6389 0 3 18-19-17-14
9.76663 0 1 2 10 9 234 10 4559,5084 4559 1 10-9
9.78739 0 1 1 3 9 360 1 2293,3981,6913 0 2 3-7-9
9.80178 0 1 1 2 10 360 1 342,922,2518 0 3 2-7-9-10
9.80514 0 1 2 8 5 54 10 1439,3266 1439 4 8-11-10-4-5
9.81393 0 1 1 3 12 360 1 2638,3596,7327 0 4 3-7-8-14-12
9.82765 0 1 1 15 13 360 1 542,1762,1835 0 1 15-13
9.83306 0 1 1 9 15 360 1 2272,4850,6717 1 6 9-7-8-14-17-16-15
9.86575 0 1 1 14 18 360 1 317,4219,4363 0 3 14-17-19-18
9.92975 0 1 2 3 6 138 10 2352,8396 2352 1 3-6
9.95162 0 1 2 16 15 126 10 4965,7838 4965 1 16-15
9.97551 0 1 1 2 6 360 1 4632,5237,7780 0 2 2-4-6
10.093 1 1 1 4 6 360 1 347,481,1830 0 1 4-6
10.1274 1 1 1 6 10 360 1 196,306,7148 0 2 6-4-10
10.1715 1 1 1 19 10 360 1 4912,7122,8206 0 3 19-18-11-10
10.2081 1 1 1 1 12 360 1 1897,3598,6416 1 4 1-7-8-14-12
10.2225 1 1 1 10 7 360 1 3544,4517,6927 0 2 10-9-7
10.2343 1 1 2 15 5 12 10 4984,6010 4983 7 15-12-14-8-11-10-4-5
10.2501 1 1 2 12 6 12 10 1398,1719 1397 5 12-14-8-7-3-6
10.2611 1 1 2 4 17 12 10 3033,3121 3032 5 4-10-11-18-19-17
10.2757 1 1 1 5 7 360 1 6190,6277,6826 0 3 5-4-3-7
10.3428 1 1 1 16 10 360 1 190,5369,6745 1 5 16-17-19-18-11-10
10.4113 1 1 1 3 15 360 1 2599,5921,6410 1 5 3-7-8-14-12-15
10.4614 1 1 2 14 11 12 10 1849,5329 1848 7 14-12-15-16-17-19-18-11
10.514 1 1 1 8 3 360 1 595,758,4650 2 2 8-7-3
10.5465 1 1 1 18 9 360 1 1312,2866,6920 0 3 18-11-10-9
10.5707 1 1 1 18 11 360 1 4107,6307,8134 0 1 18-11
10.5908 1 1 1 10 7 360 1 484,5740,6984 0 2 10-9-7
10.6102 1 1 1 2 1 360 1 2233,3622,5246 0 1 2-1
10.6269 1 1 2 11 2 156 10 65,175 64 4 11-10-9-7-2
10.6828 1 1 1 14 3 360 1 1067,2062,6803 2 3 14-8-7-3
10.687 1 1 1 3 19 360 1 712,1416,4867 1 5 3-4-10-11-18-19
10.6881 1 1 1 7 5 360 1 4575,5128,5662 0 3 7-3-4-5
10.6902 1 1 1 19 5 360 1 776,2105,4824 1 5 19-18-11-10-4-5
10.6963 1 1 2 6 8 54 10 2200,6070 2199 4 6-4-10-11-8
10.6991 1 1 2 16 6 42 10 611,2765 610 8 16-17-19-18-11-8-7-3-6
10.6998 1 1 2 19 17 198 10 4539,7764 4538 1 19-17
10.7218 1 1 1 7 8 360 1 980,2240,3587 0 1 7-8
10.725 1 1 1 12 19 360 1 1420,1595,4884 0 3 12-14-17-19
10.7572 1 1 1 17 18 360 1 5164,6728,8114 0 2 17-19-18
10.7759 1 1 1 7 18 360 1 608,1616,2777 0 4 7-9-10-11-18
10.7786 1 1 1 15 14 360 1 975,1536,6223 0 2 15-12-14
10.8168 1 1 1 12 8 360 1 5116,5308,5871 0 5 12-15-16-17-14-8
10.8364 1 1 2 10 6 72 10 3641,7565 3640 2 10-4-6
10.8485 1 1 1 2 16 360 1 207,3050,5191 1 7 2-4-10-11-18-19-17-16
10.9069 1 1 2 1 18 90 10 3981,5092 3980 4 1-7-8-11-18
10.9076 1 1 1 4 19 360 1 7046,7906,7993 0 4 4-10-11-18-19
10.984 1 1 1 3 1 360 1 5094,8112,8238 0 1 3-1
10.9846 1 1 1 10 3 360 1 982,4324,5140 0 2 10-4-3
11.0389 1 1 1 8 4 360 1 2318,4784,6099 1 3 8-11-10-4
11.0419 1 1 2 16 10 54 10 2518,5514 2612 6 16-17-14-8-7-9-10
11.0454 1 1 2 9 6 78 10 4193,4698 4192 3 9-10-4-6
11.2198 1 1 2 18 12 36 10 1677,2367 1676 4 18-19-17-14-12
11.2384 1 1 1 5 6 360 1 3565,5554,5589 0 2 5-4-6
11.245 1 1 1 17 1 360 1 1700,1865,6866 2 4 17-14-8-7-1
11.2504 1 1 1 7 11 360 1 2682,6157,7630 0 2 7-8-11
11.2772 1 1 1 5 1 360 1 2483,3779,6266 0 3 5-4-3-1
11.3014 1 1 2 13 18 24 10 98,2939 97 5 13-15-16-17-19-18
11.3104 1 1 1 2 6 360 1 1207,5428,6777 0 2 2-4-6
11.3251 1 1 1 3 13 360 1 2262,3175,7855 1 9 3-4-10-11-18-19-17-16-15-13
11.3414 1 1 2 15 12 30 10 1720,4976 1719 1 15-12
11.3679 1 1 2 8 11 198 10 2568,6943 2570 1 8-11
11.4475 1 1 2 12 1 18 10 4959,7928 4958 4 12-14-8-7-1
11.4702 1 1 2 17 6 24 10 3919,7556 3918 5 17-14-8-7-3-6
11.5859 1 1 1 18 7 360 1 790,2915,3391 1 3 18-11-8-7
11.6016 1 1 2 19 11 324 10 2594,5742 2593 2 19-18-11
11.6083 1 1 2 1 5 12 10 2136,5792 2135 3 1-3-4-5
11.6364 1 1 2 15 14 360 10 1198,4922 1197 2 15-12-14
11.6688 1 1 1 1 2 360 1 144,152,5597 0 1 1-2
11.6942 1 1 2 14 4 336 10 1713,4561 2721 4 14-8-7-3-4
11.6958 1 1 2 9 7 66 10 4578,4828 4577 1 9-7
11.707 1 1 2 9 1 24 10 291,307 290 2 9-7-1
11.7401 1 1 1 1 8 360 1 1389,1793,6825 0 5 1-7-9-10-11-8
11.8035 1 1 1 3 13 360 1 3428,4620,6667 0 5 3-7-8-14-12-13
11.8735 1 1 2 9 3 96 10 1298,5155 1297 2 9-7-3
11.9275 1 1 2 13 4 234 10 1181,6673 1466 9 13-12-15-16-17-14-8-7-3-4
11.9782 1 1 1 19 8 360 1 1606,6341,7294 1 3 19-17-14-8
11.9818 1 1 2 15 14 288 10 1961,3970 1960 2 15-12-14
12.1063 1 1 1 5 15 360 1 1373,1660,4669 2 7 5-4-10-11-8-14-12-15
12.1232 1 1 1 17 14 360 1 391,2634,6622 0 1 17-14
12.1551 1 1 1 4 2 360 1 3659,5677,6561 0 1 4-2
12.1912 1 1 1 14 15 360 1 314,926,4659 0 3 14-17-16-15
12.2133 1 1 1 12 8 360 1 1102,4821,7449 1 2 12-14-8
12.2927 1 1 1 19 10 360 1 3516,4175,5197 0 3 19-18-11-10
12.2996 1 1 1 7 11 360 1 360,7576,7972 1 2 7-8-11
12.3056 1 1 1 11 5 360 1 1334,5748,7870 1 3 11-10-4-5
12.3064 1 1 1 1 5 360 1 1607,5971,7770 0 3 1-3-4-5
12.3213 1 1 1 4 7 360 1 75,1200,4930 0 2 4-2-7
12.3778 1 1 2 18 6 48 10 759,3770 758 4 18-11-10-4-6
12.3795 1 1 2 6 8 138 10 5577,8397 5576 3 6-3-7-8
12.4231 1 1 1 3 17 360 1 1479,5258,7779 1 4 3-7-8-14-17
12.4388 1 1 1 2 7 360 1 3699,5600,7107 0 1 2-7
12.482 1 1 1 6 16 360 1 1922,4330,7850 1 6 6-3-7-8-14-17-16
12.5658 1 1 2 16 1 78 10 499,3626 521 7 16-15-13-12-14-8-7-1
12.6013 1 1 1 17 8 360 1 60,2766,7327 1 2 17-14-8
12.6088 1 1 1 1 3 360 1 2433,4489,7111 0 1 1-3
12.6301 1 1 1 15 1 360 1 1340,1640,8017 2 5 15-12-14-8-7-1
12.6972 1 1 1 9 1 360 1 1541,5098,7096 0 2 9-7-1
12.712 1 1 2 4 15 60 10 4437,5441 4436 6 4-10-11-8-14-12-15
12.7728 1 1 2 9 15 252 10 3913,3947 3912 7 9-10-11-18-19-17-16-15
12.7756 1 1 1 18 9 360 1 282,6226,6923 1 3 18-11-10-9
12.7829 1 1 2 19 15 36 10 2021,6019 2020 3 19-17-16-15
12.8096 1 1 2 18 19 42 10 1631,1932 1630 1 18-19
12.8136 1 1 2 1 18 60 10 5212,5751 5211 4 1-7-8-11-18
12.8381 1 1 1 14 17 360 1 2197,4753,5652 0 1 14-17
12.9047 1 1 2 13 10 18 10 3069,3200 3068 5 13-12-14-8-11-10
12.9221 1 1 2 9 11 12 10 284,394 283 2 9-10-11
12.9415 1 1 1 5 9 360 1 1432,5059,6310 0 3 5-4-10-9
12.9486 1 1 1 9 1 360 1 894,4241,6255 0 2 9-7-1
12.9768 1 1 1 9 19 360 1 4184,5288,6748 0 4 9-10-11-18-19
13.0178 1 1 1 4 17 360 1 3478,7182,7834 0 5 4-10-11-18-19-17
13.0785 1 1 1 8 5 360 1 581,2853,3160 1 4 8-11-10-4-5
13.0969 1 1 1 6 3 360 1 3932,5200,6118 0 1 6-3
13.1107 1 1 2 5 15 24 10 8391,8419 8390 7 5-4-10-11-8-14-12-15
13.1429 1 1 1 14 10 360 1 1821,2404,4024 2 3 14-8-11-10
13.1983 1 1 1 17 13 360 1 2483,2570,8208 0 3 17-14-12-13
13.2021 1 1 1 2 12 360 1 2941,3591,6893 0 9 2-4-10-11-18-19-17-16-15-12
13.2091 1 1 1 18 17 360 1 3972,4005,7396 0 2 18-19-17
13.2588 1 1 1 9 11 360 1 108,4061,6113 0 2 9-10-11
13.2642 1 1 2 13 1 12 10 1709,3265 1708 8 13-12-14-8-11-10-9-7-1
13.2722 1 1 1 1 17 360 1 6156,6608,6863 0 4 1-7-8-14-17
13.3304 1 1 2 7 10 12 10 2458,8371 2457 2 7-9-10
13.3315 1 1 1 19 8 360 1 5896,7003,7360 0 3 19-17-14-8
13.3653 1 1 1 18 8 360 1 1679,1704,6251 2 2 18-11-8
13.3874 1 1 1 4 2 360 1 315,3335,3349 0 1 4-2
13.421 1 1 1 4 13 360 1 87,3221,6146 0 11 4-2-7-9-10-11-18-19-17-16-15-13
13.4305 1 1 1 2 9 360 1 3021,3252,3781 0 2 2-7-9
13.4678 1 1 1 17 5 360 1 2699,6912,7759 1 6 17-19-18-11-10-4-5
13.5423 1 1 1 18 10 360 1 2426,6577,7009 1 2 18-11-10
13.5969 1 1 1 3 7 360 1 1385,6970,8179 0 1 3-7
13.6094 1 1 1 4 18 360 1 537,1744,6394 0 6 4-2-7-9-10-11-18
13.6368 1 1 1 8 14 360 1 227,1035,6481 2 1 8-14
13.6482 1 1 1 2 12 360 1 1157,3123,4590 1 9 2-7-8-11-18-19-17-16-15-12
13.6522 1 1 2 4 15 30 10 192,2677 191 6 4-10-11-8-14-12-15
13.6833 1 1 2 12 2 18 10 8152,8356 8151 4 12-14-8-7-2
13.6885 1 1 1 17 2 360 1 3294,3867,6269 0 4 17-14-8-7-2
13.7097 1 1 1 2 15 360 1 1520,3139,4583 1 8 2-7-8-11-18-19-17-16-15
13.7135 1 1 2 1 18 18 10 4327,8350 4326 4 1-7-8-11-18
13.731 1 1 2 6 1 174 10 3647,8131 3646 2 6-3-1
13.7331 1 1 2 1 17 54 10 7268,7678 7267 4 1-7-8-14-17
13.7337 1 1 1 6 12 360 1 589,3130,3287 2 5 6-3-7-8-14-12
13.7433 1 1 1 3 5 360 1 2888,5392,5917 0 2 3-4-5
13.7698 1 1 2 14 18 60 10 2537,2684 2536 3 14-17-19-18
13.8046 1 1 1 2 7 360 1 1791,2518,4362 0 1 2-7
13.8174 1 1 1 7 16 360 1 256,4832,6913 1 4 7-8-14-17-16
13.8469 1 1 2 8 10 48 10 984,7311 983 3 8-7-9-10
13.8609 1 1 2 16 15 72 10 3385,6241 3384 1 16-15
14.0062 1 1 1 13 7 360 1 2510,3109,4696 2 4 13-12-14-8-7
14.011 1 1 1 8 6 360 1 5987,7844,7929 0 3 8-7-3-6
14.0153 1 1 1 1 19 360 1 2964,5910,7555 1 5 1-7-8-11-18-19
14.0262 1 1 1 9 13 360 1 2726,3327,7001 0 6 9-10-11-8-14-12-13
14.0509 1 1 1 10 18 360 1 2529,3073,3283 2 2 10-11-18
14.0686 1 1 1 1 2 360 1 1475,6170,7338 0 1 1-2
14.0745 1 1 1 1 15 360 1 1176,4020,7579 1 6 1-3-7-8-14-12-15
14.1133 1 1 2 19 17 18 10 1806,7574 1805 1 19-17
14.1801 1 1 1 19 4 360 1 1995,2243,6316 0 4 19-18-11-10-4
14.1803 1 1 1 8 9 360 1 18,4648,6579 1 2 8-7-9
14.2249 1 1 2 2 11 36 10 4205,4720 4204 3 2-4-10-11
14.2521 1 1 1 11 7 360 1 1937,3026,5474 2 2 11-8-7
14.2779 1 1 1 6 10 360 1 6391,7649,7875 0 2 6-4-10
14.3383 1 1 1 12 14 360 1 2365,7591,7885 0 1 12-14
14.3541 1 1 1 6 8 360 1 265,1616,3235 0 3 6-3-7-8
14.3588 1 1 1 11 5 360 1 787,1026,6653 2 3 11-10-4-5
14.3871 1 1 1 19 3 360 1 2192,3011,3324 2 5 19-18-11-8-7-3
14.3967 1 1 2 16 19 12 10 3574,5796 3573 2 16-17-19
14.4297 1 1 2 13 8 42 10 929,7218 928 3 13-12-14-8
14.433 1 1 2 8 3 246 10 4707,4858 4706 2 8-7-3
14.5032 1 1 1 16 11 360 1 5091,6204,6742 0 4 16-17-14-8-11
14.5126 1 1 1 16 4 360 1 3393,3641,7073 0 6 16-17-19-18-11-10-4
14.5218 1 1 2 17 19 84 10 4780,5943 4779 1 17-19
14.5225 1 1 2 18 5 234 10 6432,7416 6431 4 18-11-10-4-5
14.5302 1 1 2 15 8 204 10 4082,5216 4081 3 15-12-14-8
14.538 1 1 1 17 5 360 1 735,5456,5841 1 6 17-19-18-11-10-4-5
14.5502 1 1 1 14 18 360 1 129,2837,8270 0 3 14-17-19-18
14.5522 1 1 2 3 1 60 10 4924,7931 4923 1 3-1
14.5793 1 1 1 9 6 360 1 5220,5446,6979 0 3 9-10-4-6
14.6082 1 1 1 3 1 360 1 4084,4420,6313 0 1 3-1
14.629 1 1 1 13 5 360 1 1056,3434,5862 1 9 13-15-16-17-19-18-11-10-4-5
14.6418 1 1 1 2 13 360 1 3225,3799,3977 1 5 2-7-8-14-12-13
14.6459 1 1 1 4 3 360 1 110,3578,7518 0 2 4-6-3
14.7063 1 1 1 8 3 360 1 3648,5945,8019 0 2 8-7-3
14.7363 1 1 2 16 18 18 10 2206,6907 2233 3 16-17-19-18
14.757 1 1 1 3 4 360 1 898,3759,4300 0 1 3-4
14.763 1 1 1 14 19 360 1 1191,1982,4822 0 2 14-17-19
14.7659 1 1 2 6 2 156 10 806,7755 805 2 6-4-2
14.7777 1 1 2 15 17 258 10 2818,7895 2817 2 15-16-17
14.8437 1 1 1 4 10 360 1 791,4703,7000 0 1 4-10
14.8537 1 1 1 18 2 360 1 64,1748,5672 0 5 18-11-10-9-7-2
14.9476 1 1 2 7 18 186 10 3206,3693 3482 3 7-8-11-18
14.9635 1 1 1 18 6 360 1 155,1073,7375 1 4 18-11-10-4-6
14.98 1 1 1 8 15 360 1 6486,7351,7954 0 3 8-14-12-15
15.0549 1 1 2 15 12 12 10 790,5299 789 1 15-12
15.0596 1 1 2 14 5 12 10 4527,6951 4526 5 14-8-11-10-4-5
15.0648 1 1 1 11 13 360 1 2511,3040,5326 2 4 11-8-14-12-13
15.1431 1 1 1 19 11 360 1 2369,6288,7587 1 2 19-18-11
15.1514 1 1 2 13 5 24 10 4179,5544 4178 7 13-12-14-8-11-10-4-5
15.1776 1 1 1 6 14 360 1 1275,1382,7257 2 4 6-3-7-8-14
15.1957 1 1 1 15 16 360 1 352,1842,6459 0 1 15-16
15.2035 1 1 2 15 3 54 10 3378,7187 3377 7 15-12-14-8-11-10-4-3
15.2273 1 1 1 11 9 360 1 1231,1730,6533 1 2 11-10-9
15.235 1 1 1 7 8 360 1 3021,3911,6703 1 1 7-8
15.2433 1 1 1 15 6 360 1 1664,1864,7231 2 6 15-12-14-8-7-3-6
15.2657 1 1 1 10 3 360 1 1114,1120,3772 0 2 10-4-3
15.2876 1 1 2 10 5 348 10 685,3471 684 2 10-4-5
15.3063 1 1 1 17 15 360 1 4733,6910,8177 0 2 17-16-15
15.3331 1 1 1 19 11 360 1 4553,7723,7907 0 2 19-18-11
15.3702 1 1 1 13 15 360 1 1156,1536,2430 0 1 13-15
15.39 1 1 2 18 13 18 10 3908,8009 3907 5 18-19-17-16-15-13
15.4386 1 1 1 18 11 360 1 1533,2149,5971 0 1 18-11
15.4765 1 1 1 6 3 360 1 2278,4958,7730 0 1 6-3
15.482 1 1 1 9 17 360 1 1178,1625,5554 2 5 9-10-11-18-19-17
15.4828 1 1 1 17 8 360 1 986,6822,7085 1 2 17-14-8
15.4861 1 1 1 4 19 360 1 4748,7274,7769 0 4 4-10-11-18-19
15.4896 1 1 1 1 10 360 1 236,4271,8220 0 3 1-3-4-10
15.5583 1 1 2 4 6 180 10 2783,6810 2782 1 4-6
15.5926 1 1 1 13 11 360 1 400,2798,7176 1 4 13-12-14-8-11
15.6695 1 1 2 10 18 18 10 4977,7736 4976 2 10-11-18
15.6715 1 1 2 19 11 30 10 2949,7709 2948 2 19-18-11
15.6793 1 1 2 4 11 246 10 3868,4489 3867 2 4-10-11
15.6898 1 1 2 11 10 156 10 4050,4843 4049 4 11-8-7-9-10
15.7557 1 1 1 11 16 360 1 1174,6376,7103 1 4 11-18-19-17-16
15.7776 1 1 1 18 19 360 1 1262,3449,8129 1 1 18-19
15.8019 1 1 1 1 2 360 1 3902,4658,5586 0 1 1-2
15.8632 1 1 2 11 12 30 10 2752,3668 2751 3 11-8-14-12
15.9405 1 1 1 14 16 360 1 231,4961,4986 1 2 14-17-16
15.9548 1 1 2 2 6 258 10 4708,5754 4707 2 2-4-6
15.9566 1 1 1 17 9 360 1 2216,5871,7352 1 4 17-14-8-7-9
15.9687 1 1 2 5 7 36 10 2901,8433 2900 3 5-4-3-7
15.9791 1 1 2 6 2 24 10 3821,6078 3820 2 6-4-2
15.993 1 1 1 2 3 360 1 2643,6466,8270 0 2 2-1-3
16.005 1 1 1 15 8 360 1 309,2326,6215 2 3 15-12-14-8
16.0106 1 1 1 17 5 360 1 2298,2763,5551 1 6 17-14-8-11-10-4-5
16.0188 1 1 1 1 12 360 1 2145,4664,7475 1 4 1-7-8-14-12
16.0267 1 0 1 18 17 360 1 2110,3147,3198 -1 -1 
16.0342 1 1 1 5 12 360 1 1602,3557,6331 2 6 5-4-10-11-8-14-12
16.0666 1 1 1 13 15 360 1 180,2657,3810 0 1 13-15
16.0788 1 1 1 11 12 360 1 4632,6692,6869 1 3 11-8-14-12
16.0916 1 0 1 3 16 360 1 2009,2798,3406 -1 -1 
16.1143 1 1 1 13 2 360 1 1252,4634,5002 2 7 13-15-16-17-14-8-7-2
16.1187 1 1 1 18 8 360 1 3785,6748,7715 1 2 18-11-8
16.1249 1 1 1 19 13 360 1 6475,7041,7637 0 4 19-17-16-15-13
16.1264 1 1 1 1 10 360 1 714,1364,6030 0 3 1-7-9-10
16.1353 1 0 1 12 9 360 1 390,2164,2355 -1 -1 
16.1489 1 1 1 3 15 360 1 3898,5980,6257 1 5 3-7-8-14-12-15
16.1744 1 1 1 11 14 360 1 1238,1387,5419 2 2 11-8-14
16.2 1 1 1 18 5 360 1 3898,5055,5762 1 8 18-19-17-14-8-11-10-4-5
16.2201 1 1 1 13 14 360 1 2125,2294,4614 0 2 13-12-14
16.2354 1 0 1 18 10 360 1 214,2500,3564 -1 -1 
16.2414 1 0 1 12 2 360 1 959,1446,3336 -1 -1 
16.2747 1 1 1 15 16 360 1 3970,4891,6653 0 1 15-16
16.4503 1 0 1 11 15 360 1 234,1024,1324 -1 -1 
16.4591 1 1 1 3 17 360 1 5022,5795,6251 0 4 3-7-8-14-17
16.4844 1 1 1 9 18 360 1 2834,2930,6227 2 3 9-10-11-18
16.4915 1 1 1 19 11 360 1 3101,3887,6576 2 2 19-18-11
16.4971 1 1 2 4 12 30 10 175,4219 179 5 4-2-7-8-14-12
16.5517 1 1 2 8 17 48 10 1005,5077 1004 2 8-14-17
16.5563 1 1 1 11 8 360 1 402,5128,5756 1 1 11-8
16.566 1 0 1 4 13 360 1 2211,3088,4689 -1 -1 
16.6874 1 1 2 15 2 18 10 800,1801 799 5 15-12-14-8-7-2
16.705 1 1 1 16 17 360 1 4045,7539,7632 0 1 16-17
16.7497 1 1 1 9 10 360 1 6107,6513,7491 0 1 9-10
16.8043 1 1 2 15 10 78 10 4250,7196 4249 5 15-12-14-8-11-10
16.8164 1 1 1 19 13 360 1 1812,4867,7453 1 4 19-17-16-15-13
16.8516 1 1 2 10 1 42 10 651,1878 650 3 10-9-7-1
16.9027 1 1 1 12 15 360 1 954,1481,3902 0 1 12-15
16.924 1 1 1 17 9 360 1 1841,3905,4291 2 4 17-14-8-7-9
16.9252 1 1 1 19 10 360 1 322,2187,6349 2 3 19-18-11-10
16.9328 1 1 2 9 13 42 10 1131,3196 1130 8 9-10-11-18-19-17-16-15-13
16.9386 1 1 2 2 3 12 10 902,5358 901 2 2-7-3
16.997 1 1 1 4 11 360 1 155,4696,5300 1 2 4-10-11
17.0072 1 1 1 1 9 360 1 513,2203,5813 0 2 1-7-9
17.0088 1 1 1 2 9 360 1 1168,4691,5535 0 3 2-4-10-9
17.023 1 1 1 7 8 360 1 994,3626,5858 2 1 7-8
17.0501 1 1 1 1 10 360 1 3943,4450,7217 1 3 1-7-9-10
17.0613 1 1 1 3 1 360 1 1675,1922,2776 0 1 3-1
17.0877 1 1 1 6 3 360 1 1604,5425,6523 0 1 6-3
17.0969 1 1 1 14 12 360 1 380,4597,7178 1 1 14-12
17.1188 1 1 2 16 18 150 10 3877,4535 3925 3 16-17-19-18
17.1743 1 1 2 15 3 48 10 3041,6995 3044 9 15-12-14-17-19-18-11-10-4-3
17.1917 1 1 2 9 19 300 10 2698,4566 4496 4 9-10-11-18-19
17.2109 1 1 1 19 2 360 1 2399,3829,4224 2 5 19-18-11-10-4-2
17.2386 1 1 2 10 1 18 10 712,5955 711 3 10-9-7-1
17.2417 1 1 2 2 14 156 10 1705,5471 1868 3 2-7-8-14
17.2873 1 1 1 19 15 360 1 1177,2220,5175 0 3 19-17-16-15
17.3044 1 1 2 9 13 60 10 3941,6300 3942 5 9-7-8-14-12-13
17.3169 1 1 2 3 11 18 10 2269,7282 2268 3 3-4-10-11
17.3455 1 1 1 10 4 360 1 5004,5385,6371 0 1 10-4
17.36 1 1 2 8 18 132 10 1386,3787 1503 4 8-14-17-19-18
17.3937 1 1 2 7 18 36 10 7432,8438 7431 3 7-8-11-18
17.3979 1 1 1 5 17 360 1 467,571,6252 2 6 5-4-10-11-18-19-17
17.401 1 1 1 1 3 360 1 566,1945,3374 0 1 1-3
17.4313 1 1 2 6 12 204 10 3580,7009 3622 9 6-3-4-10-11-18-19-17-14-12
17.4483 1 1 2 11 19 174 10 6759,8131 6758 2 11-18-19
17.498 1 1 2 11 5 114 10 4862,7873 4861 3 11-10-4-5
17.523 1 1 1 6 16 360 1 144,165,6900 2 6 6-3-7-8-14-17-16
17.5243 1 1 1 5 17 360 1 1346,7302,7310 1 6 5-4-10-11-18-19-17
17.5858 1 1 1 19 13 360 1 306,1273,2597 2 4 19-17-14-12-13
17.6758 1 1 1 17 16 360 1 3512,4991,5019 0 1 17-16
17.6918 1 1 2 2 12 174 10 6088,6472 6087 9 2-4-10-11-18-19-17-16-15-12
17.7266 1 1 1 4 12 360 1 1089,4090,5414 2 5 4-10-11-8-14-12
17.7347 1 1 2 17 10 276 10 850,4138 2267 4 17-19-18-11-10
17.7792 1 0 1 7 15 360 1 3139,4133,4202 -1 -1 
17.8144 1 1 2 8 11 12 10 602,4884 638 1 8-11
17.8193 1 1 1 7 16 360 1 4054,4626,7977 2 4 7-8-14-17-16
17.8532 1 1 2 14 13 180 10 999,6248 998 4 14-17-16-15-13
17.8626 1 1 2 6 4 36 10 1270,3645 1269 1 6-4
17.8711 1 1 2 14 8 42 10 3968,7535 3967 1 14-8
17.8919 1 1 1 3 9 360 1 3498,6908,7479 0 2 3-7-9
17.9208 1 1 1 14 11 360 1 4278,5028,7235 0 4 14-17-19-18-11
17.9544 1 1 2 3 8 12 10 5369,6411 5368 2 3-7-8
17.9789 1 1 1 7 17 360 1 2171,6791,7490 1 3 7-8-14-17
17.999 1 1 2 14 15 18 10 5284,6510 5283 2 14-12-15
18.0072 1 1 1 9 10 360 1 1347,1799,2329 0 1 9-10
18.0266 1 1 2 18 3 294 10 4104,6989 5023 8 18-19-17-14-8-11-10-4-3
18.0275 1 1 1 18 9 360 1 5334,7199,7214 0 3 18-11-10-9
18.0416 1 1 1 18 9 360 1 5611,6170,6921 0 3 18-11-10-9
18.1692 1 1 2 6 1 168 10 4316,6008 4315 2 6-3-1
18.1765 1 1 1 4 8 360 1 2464,6689,6875 1 3 4-10-11-8
18.1793 1 1 2 16 11 12 10 4395,5987 4394 4 16-17-19-18-11
18.1938 1 1 1 16 12 360 1 2237,3208,6082 0 2 16-15-12
18.1992 1 1 2 10 1 150 10 1200,4465 1225 3 10-4-3-1
18.2168 1 1 1 9 6 360 1 4882,5702,6171 0 3 9-10-4-6
18.264 1 1 1 18 7 360 1 5252,5727,6468 1 3 18-11-8-7
18.2956 1 1 2 4 2 48 10 3812,7001 3811 1 4-2
18.3157 1 1 1 16 3 360 1 3324,4429,7564 1 5 16-17-14-8-7-3
18.3186 1 1 1 18 11 360 1 2468,3351,5676 2 1 18-11
18.3938 1 1 1 5 2 360 1 2523,5367,5518 0 2 5-4-2
18.394 1 0 1 13 3 360 1 1607,2632,4684 -1 -1 
18.3971 1 1 1 9 2 360 1 1092,2495,3405 1 2 9-7-2
18.3977 1 1 2 15 12 108 10 5494,5526 5493 1 15-12
18.415 1 1 1 4 17 360 1 1150,2607,5587 2 5 4-10-11-18-19-17
18.4328 1 0 1 2 19 360 1 3272,3687,3970 -1 -1 
18.4702 1 1 1 15 17 360 1 5879,8014,8213 0 2 15-16-17
18.5079 1 1 1 2 1 360 1 1737,3280,4794 0 1 2-1
18.5471 1 1 2 6 7 12 10 1271,7302 1270 2 6-3-7
18.5528 1 1 1 13 1 360 1 3373,4862,7595 2 5 13-12-14-8-7-1
18.584 1 1 1 14 10 360 1 6558,6845,7805 0 3 14-8-11-10
18.5847 1 0 1 18 2 360 1 1278,1819,2617 -1 -1 
18.6359 1 1 1 8 10 360 1 168,448,4408 2 2 8-11-10
18.6434 1 1 1 16 6 360 1 1767,2196,8144 2 6 16-17-14-8-7-3-6
18.6564 1 1 2 5 12 60 10 713,6274 712 6 5-4-2-7-8-14-12
18.7294 1 1 1 7 1 360 1 1728,2221,3425 0 1 7-1
18.749 1 1 1 9 13 360 1 2368,3568,6607 2 5 9-7-8-14-12-13
18.7635 1 1 1 12 19 360 1 917,3564,7335 2 3 12-14-17-19
18.7662 1 1 1 4 13 360 1 1886,6553,7732 1 6 4-10-11-8-14-12-13
18.7891 1 1 1 18 14 360 1 1680,4577,6244 2 3 18-19-17-14
18.7955 1 1 1 7 14 360 1 1192,1617,4220 2 7 7-9-10-11-18-19-17-14
18.7985 1 0 1 6 15 360 1 1675,2773,3265 -1 -1 
18.877 1 1 2 3 12 90 10 49,6490 48 5 3-1-7-8-14-12
18.8946 1 1 2 18 15 210 10 882,3685 881 4 18-19-17-16-15
18.9032 1 1 1 17 15 360 1 5210,5925,7363 0 2 17-16-15
18.9447 1 1 1 10 11 360 1 5368,5993,7357 0 1 10-11
18.9632 1 1 1 10 5 360 1 1941,3492,4632 0 5 10-9-7-3-4-5
18.9782 1 1 1 6 18 360 1 3206,4091,7910 2 4 6-4-10-11-18
19.0042 1 1 1 11 6 360 1 2576,4725,6563 1 3 11-10-4-6
19.009 1 1 1 6 5 360 1 236,788,5226 0 2 6-4-5
19.016 1 1 1 18 11 360 1 4012,4269,5545 1 1 18-11
19.109 1 0 1 19 4 360 1 35,1955,4500 -1 -1 
19.1422 1 0 1 7 12 360 1 3288,3415,4695 -1 -1 
19.1507 1 1 1 6 5 360 1 1975,2776,7390 0 2 6-4-5
19.1966 1 1 2 5 13 36 10 4185,6418 4202 7 5-4-3-7-8-14-12-13
19.2192 1 1 1 12 18 360 1 4114,4386,7664 0 6 12-13-15-16-17-19-18
19.2351 1 1 2 10 13 12 10 6349,7503 6348 5 10-11-8-14-12-13
19.288 1 1 2 1 3 12 10 5260,8368 5259 1 1-3
19.2982 1 1 2 1 18 12 10 478,5706 521 9 1-7-9-10-11-8-14-17-19-18
19.3186 1 1 2 15 18 264 10 1848,3422 2267 4 15-16-17-19-18
19.328 1 1 1 10 6 360 1 1463,7969,8018 0 2 10-4-6
19.372 1 1 1 9 8 360 1 3768,3792,4182 2 2 9-7-8
19.421 1 1 2 5 10 114 10 545,2407 544 5 5-4-2-7-9-10
19.4286 1 1 1 10 7 360 1 666,1721,5223 0 2 10-9-7
19.4392 1 1 1 11 6 360 1 1510,5677,6696 1 3 11-10-4-6
19.4969 1 1 1 11 12 360 1 2169,6293,7761 2 3 11-8-14-12
19.5064 1 1 2 4 14 36 10 3240,6381 3275 4 4-10-11-8-14
19.67 1 1 2 15 5 78 10 1200,6671 1259 7 15-12-14-8-7-2-4-5
19.6995 1 1 2 10 19 300 10 1284,5829 5317 3 10-11-18-19
19.7022 1 1 2 8 17 30 10 228,8523 227 2 8-14-17
19.7058 1 1 1 13 17 360 1 81,3528,5906 1 3 13-15-16-17
19.7357 1 0 1 14 1 360 1 1175,2032,2271 -1 -1 
19.7401 1 1 1 2 19 360 1 979,4553,8112 2 5 2-4-10-11-18-19
19.7488 1 1 1 4 9 360 1 3213,4704,5244 0 3 4-3-7-9
19.7803 1 1 1 3 17 360 1 2425,5940,6931 1 6 3-4-10-11-18-19-17
19.8389 1 1 1 13 2 360 1 2698,3583,6507 2 5 13-12-14-8-7-2
19.8769 1 1 1 17 14 360 1 2911,6027,6590 1 1 17-14
19.9946 1 1 2 15 6 168 10 867,3874 1942 6 15-12-14-8-7-3-6
20.0021 2 1 1 16 18 360 1 7006,7866,8019 0 3 16-17-19-18
20.0056 2 1 2 16 17 150 10 2328,6983 2326 1 16-17
20.016 2 1 2 13 2 42 10 2896,5235 2894 5 13-12-14-8-7-2
20.0275 2 1 1 2 4 360 1 1145,3246,7810 0 1 2-4
20.0306 2 1 1 12 14 360 1 2497,4517,6134 0 1 12-14
20.0332 2 1 2 17 15 270 10 6614,7862 6612 2 17-16-15
20.0447 2 1 1 7 2 360 1 2185,7867,8129 0 1 7-2
20.1034 2 1 2 10 2 60 10 8323,8415 8321 2 10-4-2
20.1161 2 1 1 13 15 360 1 4434,4997,6772 0 1 13-15
20.1961 2 1 2 6 15 42 10 5386,6868 5384 6 6-3-7-8-14-12-15
20.2257 2 1 2 11 8 306 10 1226,4267 1379 1 11-8
20.2368 2 1 2 14 8 120 10 2536,6940 2838 5 14-17-19-18-11-8
20.2848 2 1 2 18 15 48 10 234,5859 232 4 18-19-17-16-15
20.3153 2 1 1 9 7 360 1 700,4418,4487 0 1 9-7
20.3404 2 0 1 3 19 360 1 2332,3009,3152 -1 -1 
20.3424 2 1 1 15 17 360 1 1353,5420,7987 0 2 15-16-17
20.3705 2 1 1 2 15 360 1 3091,4431,6185 1 5 2-7-8-14-12-15
20.3728 2 1 1 5 10 360 1 2584,4800,5809 0 2 5-4-10
20.4353 2 1 1 7 16 360 1 2415,4019,7433 2 4 7-8-14-17-16
20.4477 2 1 1 12 15 360 1 2871,2879,5505 0 1 12-15
20.4519 2 1 1 5 9 360 1 388,2244,4804 1 4 5-4-3-7-9
20.5512 2 1 2 17 16 318 10 5751,6623 5749 1 17-16
20.6155 2 1 1 5 14 360 1 1167,4044,5578 2 5 5-4-3-7-8-14
20.6251 2 1 1 19 14 360 1 4923,6765,6799 1 2 19-17-14
20.6331 2 1 1 8 18 360 1 3621,4552,6179 1 2 8-11-18
20.6588 2 1 1 18 7 360 1 3689,4095,6180 2 3 18-11-8-7
20.6908 2 1 1 2 10 360 1 511,3789,6871 1 4 2-7-3-4-10
20.698 2 1 1 11 3 360 1 1398,3124,7552 2 3 11-8-7-3
20.7156 2 1 1 15 10 360 1 297,4209,6739 2 5 15-12-14-8-11-10
20.7656 2 1 1 5 11 360 1 841,5347,7693 1 5 5-4-3-7-8-11
20.7757 2 1 2 9 4 150 10 6260,6980 6258 2 9-10-4
20.797 2 1 1 16 15 360 1 3540,4384,7821 0 1 16-15
20.8224 2 1 2 8 6 12 10 830,4009 828 3 8-7-3-6
20.8459 2 1 1 17 16 360 1 2956,5696,7824 0 1 17-16
20.8625 2 1 1 13 17 360 1 598,857,6498 0 3 13-15-16-17
20.8985 2 1 1 19 8 360 1 3492,4373,7754 2 3 19-17-14-8
20.9022 2 1 1 12 9 360 1 880,1330,7284 2 4 12-14-8-7-9
20.9906 2 1 1 3 4 360 1 2299,4310,4841 0 1 3-4
21.0349 2 1 1 18 19 360 1 832,4824,8207 0 1 18-19
21.0662 2 1 1 19 18 360 1 861,3956,8092 1 1 19-18
21.1344 2 1 2 1 2 228 10 3046,7151 3044 1 1-2
21.1398 2 1 2 19 5 258 10 5117,8095 5721 7 19-17-14-8-11-10-4-5
21.1426 2 1 1 16 4 360 1 1867,4315,6247 1 6 16-17-14-8-7-3-4
21.153 2 0 2 9 13 294 10 109,3343 -1 -1 
21.1683 2 1 1 10 13 360 1 1605,2655,5339 2 9 10-4-3-7-8-14-17-16-15-13
21.1825 2 1 1 2 14 360 1 1309,3614,6571 2 3 2-7-8-14
21.214 2 1 1 3 10 360 1 825,4355,7506 0 2 3-4-10
21.2253 2 0 1 10 19 360 1 1816,3950,5153 -1 -1 
21.2318 2 1 1 8 14 360 1 3477,5133,5435 1 1 8-14
21.2324 2 1 1 4 10 360 1 1256,4662,5641 1 4 4-3-7-9-10
21.2458 2 1 2 6 3 42 10 3437,5149 3435 1 6-3
21.2915 2 1 2 1 7 12 10 3789,5635 3787 1 1-7
21.294 2 1 1 19 7 360 1 400,2949,7029 2 4 19-17-14-8-7
21.3207 2 1 1 19 17 360 1 2775,6046,7263 0 1 19-17
21.331 2 1 1 18 14 360 1 4966,5116,6305 2 3 18-19-17-14
21.3311 2 1 1 7 3 360 1 836,909,3316 0 2 7-1-3
21.3374 2 1 1 7 1 360 1 370,2495,6736 0 1 7-1
21.3472 2 1 1 17 7 360 1 1320,3178,5420 2 3 17-14-8-7
21.3752 2 1 2 2 5 12 10 1487,3160 1485 2 2-4-5
21.3828 2 1 2 9 7 30 10 365,3888 363 1 9-7
21.4593 2 1 2 5 17 132 10 268,4776 1291 6 5-4-3-7-8-14-17
21.4913 2 1 2 7 17 150 10 6072,6374 6123 6 7-9-10-11-18-19-17
21.5047 2 1 2 1 7 12 10 2696,6956 2694 1 1-7
21.5419 2 1 2 4 3 36 10 1262,6556 1260 2 4-6-3
21.5516 2 1 2 7 12 342 10 1848,7071 5316 7 7-8-14-17-16-15-13-12
21.5617 2 1 2 11 1 108 10 4176,4756 4204 3 11-8-7-1
21.5874 2 1 2 3 17 84 10 436,4115 728 7 3-7-9-10-11-18-19-17
21.5984 2 1 2 7 15 18 10 1930,7530 1961 8 7-9-10-11-18-19-17-16-15
21.6148 2 0 1 14 10 360 1 486,1607,2383 -1 -1 
21.6391 2 1 1 13 9 360 1 187,2498,8164 2 5 13-12-14-8-7-9
21.6542 2 1 2 18 17 72 10 357,5278 355 2 18-19-17
21.7157 2 1 2 15 13 114 10 995,7844 993 1 15-13
21.7205 2 1 1 9 8 360 1 311,4021,4209 1 2 9-7-8
21.7703 2 1 1 17 9 360 1 2017,6314,7275 2 4 17-14-8-7-9
21.7837 2 1 1 16 10 360 1 904,2557,6458 2 6 16-17-14-8-7-9-10
21.8081 2 1 1 1 17 360 1 6300,7318,7869 1 4 1-7-8-14-17
21.813 2 0 1 2 16 360 1 1953,3212,3839 -1 -1 
21.8615 2 1 1 1 11 360 1 2277,6617,7160 1 3 1-7-8-11
21.8625 2 1 1 10 7 360 1 2019,4034,7104 0 2 10-9-7
21.9021 2 0 1 5 14 360 1 2888,3359,3821 -1 -1 
21.9093 2 1 1 6 5 360 1 3190,4942,5085 0 2 6-4-5
21.9202 2 1 2 9 4 54 10 6661,8559 6659 2 9-10-4
21.9276 2 1 2 1 17 120 10 4661,8427 4659 7 1-3-4-10-11-8-14-17
22.0381 2 0 1 4 18 360 1 299,2070,4685 -1 -1 
22.1065 2 1 2 5 17 48 10 4174,7280 4239 6 5-4-10-11-18-19-17
22.1166 2 1 1 10 12 360 1 1590,1763,6821 2 4 10-11-8-14-12
22.1214 2 1 1 19 4 360 1 1421,7297,7726 1 4 19-18-11-10-4
22.1554 2 1 1 17 1 360 1 3507,4011,4321 2 5 17-14-8-7-3-1
22.2188 2 0 1 6 18 360 1 259,860,4024 -1 -1 
22.2202 2 1 1 8 9 360 1 3113,4971,7919 2 2 8-7-9
22.2337 2 0 1 17 5 360 1 319,1051,1286 -1 -1 
22.3215 2 1 1 15 9 360 1 522,2886,6839 2 5 15-12-14-8-7-9
22.3881 2 0 1 19 10 360 1 2457,2562,6148 -1 -1 
22.4015 2 1 1 3 5 360 1 3,7080,8120 0 3 3-6-4-5
22.4516 2 1 2 2 1 12 10 2955,5768 2953 1 2-1
22.502 2 0 1 4 8 360 1 3243,3839,5151 -1 -1 
22.506 2 1 2 16 3 12 10 1479,1645 1477 7 16-15-13-12-14-8-7-3
22.5128 2 1 1 10 11 360 1 1021,7593,7841 1 1 10-11
22.5189 2 1 2 1 10 120 10 2796,5343 2794 3 1-7-9-10
22.5245 2 1 2 5 11 288 10 6822,7863 6820 3 5-4-10-11
22.5713 2 1 1 18 10 360 1 1241,6539,7110 1 7 18-19-17-14-8-7-9-10
22.6223 2 1 2 17 1 66 10 2306,2650 2304 4 17-14-8-7-1
22.625 2 1 1 7 3 360 1 67,269,5016 0 1 7-3
22.658 2 1 1 14 5 360 1 1641,6493,7916 1 5 14-8-7-3-4-5
22.6626 2 1 2 6 2 42 10 1701,7083 1699 2 6-4-2
22.6807 2 1 1 9 18 360 1 583,3453,8194 2 3 9-10-11-18
22.7309 2 1 1 17 14 360 1 4716,4791,6969 0 4 17-16-15-12-14
22.7574 2 1 1 11 6 360 1 2188,4107,8118 2 3 11-10-4-6
22.7762 2 1 1 12 14 360 1 1121,4283,6397 1 5 12-13-15-16-17-14
22.8024 2 1 2 9 6 138 10 3196,7555 3194 3 9-7-3-6
22.8294 2 1 1 5 19 360 1 1013,2711,7806 2 5 5-4-10-11-18-19
22.8562 2 1 1 11 4 360 1 427,1776,5619 1 2 11-10-4
22.8696 2 0 1 7 19 360 1 1105,2522,3698 -1 -1 
22.8958 2 1 2 6 13 210 10 5309,7402 6273 10 6-3-7-8-11-18-19-17-16-15-13
22.9115 2 1 2 3 19 24 10 536,2194 534 5 3-4-10-11-18-19
22.9148 2 0 1 7 17 360 1 836,2001,3354 -1 -1 
22.9507 2 1 2 2 5 132 10 5577,7520 5575 2 2-4-5
23.0108 2 1 1 4 6 360 1 1546,5257,5934 0 1 4-6
23.0661 2 0 1 2 14 360 1 4470,5670,6134 -1 -1 
23.1028 2 0 1 1 17 360 1 124,4415,5622 -1 -1 
23.121 2 1 2 2 6 42 10 6107,8307 6105 3 2-7-3-6
23.1825 2 1 1 2 9 360 1 221,429,7008 0 2 2-7-9
23.189 2 1 2 7 15 36 10 3802,4939 3800 4 7-8-14-12-15
23.2173 2 1 1 16 1 360 1 3072,6331,7366 2 5 16-17-14-8-7-1
23.352 2 1 1 13 19 360 1 1779,3865,7478 2 4 13-15-16-17-19
23.3581 2 1 2 5 15 30 10 4833,7562 4831 7 5-4-10-11-8-14-12-15
23.3638 2 0 1 8 13 360 1 3500,3542,5195 -1 -1 
23.3705 2 0 1 12 19 360 1 1031,1088,5887 -1 -1 
23.3789 2 1 2 3 7 66 10 1562,6120 1560 1 3-7
23.3812 2 1 1 10 8 360 1 5518,6036,8204 2 2 10-11-8
23.3994 2 0 1 13 11 360 1 370,2174,4571 -1 -1 
23.4124 2 1 1 7 6 360 1 1115,1179,5755 0 3 7-2-4-6
23.4279 2 1 1 19 2 360 1 4342,5600,7043 2 5 19-17-14-8-7-2
23.4362 2 1 1 9 4 360 1 1563,6574,8134 0 2 9-10-4
23.4629 2 1 2 16 17 12 10 3665,6806 3663 1 16-17
23.4912 2 1 2 17 19 54 10 7242,8361 7240 1 17-19
23.5873 2 1 1 14 13 360 1 3114,3644,6085 0 2 14-12-13
23.6727 2 1 2 9 16 210 10 1535,5261 3644 5 9-7-8-14-17-16
23.6728 2 0 1 12 14 360 1 232,3045,3085 -1 -1 
23.6921 2 1 2 8 6 228 10 2510,4317 2767 4 8-11-10-4-6
23.7214 2 0 1 15 19 360 1 3215,4962,6050 -1 -1 
23.7243 2 1 2 4 14 108 10 2283,6145 2345 4 4-10-11-8-14
23.7432 2 0 1 17 1 360 1 1194,2927,5317 -1 -1 
23.7684 2 1 2 17 19 42 10 1428,4121 1508 1 17-19
23.8023 2 1 1 10 6 360 1 855,4930,6416 0 2 10-4-6
23.8696 2 1 2 11 16 48 10 845,1478 843 4 11-18-19-17-16
23.9347 2 1 1 17 11 360 1 4212,4788,8166 0 3 17-19-18-11
23.9531 2 1 2 10 16 126 10 5742,7265 5740 6 10-9-7-8-14-17-16
24.0124 2 1 1 10 6 360 1 1461,4860,6263 0 2 10-4-6
24.0272 2 0 1 3 16 360 1 851,3361,6107 -1 -1 
24.0609 2 1 1 14 9 360 1 3622,4642,7248 2 6 14-17-19-18-11-10-9
24.0762 2 1 1 1 17 360 1 890,5496,6905 2 4 1-7-8-14-17
24.0865 2 1 2 15 10 72 10 818,4916 895 6 15-16-17-19-18-11-10
24.1535 2 1 1 16 1 360 1 1161,6226,6513 2 5 16-17-14-8-7-1
24.2104 2 1 1 19 15 360 1 4333,4772,6329 0 3 19-17-16-15
24.2214 2 0 1 11 12 360 1 1373,3614,5985 -1 -1 
24.2236 2 0 1 15 2 360 1 276,2881,3464 -1 -1 
24.2698 2 0 1 16 8 360 1 219,2951,4249 -1 -1 
24.3232 2 1 1 8 2 360 1 2149,6125,7471 2 2 8-7-2
24.3528 2 1 2 16 5 66 10 144,4547 280 8 16-15-12-14-8-7-3-4-5
24.3725 2 1 1 14 7 360 1 244,2990,7963 2 2 14-8-7
24.4346 2 1 1 8 6 360 1 2675,5710,6881 2 3 8-7-3-6
24.4638 2 1 1 10 6 360 1 2301,3624,7278 0 4 10-9-7-3-6
24.4996 2 0 1 12 5 360 1 588,4266,4884 -1 -1 
24.5722 2 1 1 14 12 360 1 2952,6410,6578 1 1 14-12
24.6274 2 1 1 8 16 360 1 5086,6153,6374 2 4 8-14-12-15-16
24.6297 2 1 1 8 18 360 1 2829,6889,7580 1 2 8-11-18
24.6478 2 1 2 3 7 324 10 3819,6401 3817 1 3-7
24.6653 2 1 1 4 15 360 1 1963,7444,7568 1 6 4-10-11-8-14-12-15
24.74 2 1 1 18 17 360 1 446,727,7869 2 2 18-19-17
24.7757 2 0 1 6 16 360 1 2799,5878,6146 -1 -1 
24.785 2 1 1 11 1 360 1 2002,3698,7363 2 3 11-8-7-1
24.8022 2 0 2 11 4 258 10 5693,6290 -1 -1 
24.8339 2 1 1 7 13 360 1 6265,6900,6967 1 4 7-8-14-12-13
24.8501 2 1 2 1 17 18 10 747,1406 771 4 1-7-8-14-17
24.8534 2 1 1 2 7 360 1 1415,2104,6998 0 1 2-7
24.8597 2 0 1 10 13 360 1 933,2994,5907 -1 -1 
24.8838 2 1 1 6 16 360 1 2568,3031,7464 2 7 6-4-10-11-18-19-17-16
24.8891 2 1 1 1 10 360 1 2174,5899,7582 0 4 1-3-7-9-10
24.9064 2 0 1 18 1 360 1 1395,4155,4976 -1 -1 
24.9227 2 0 1 5 14 360 1 1604,5760,6182 -1 -1 
24.9297 2 1 1 17 16 360 1 874,1525,5469 1 1 17-16
24.9311 2 1 2 16 15 12 10 3350,3537 3348 1 16-15
24.9521 2 1 2 17 4 84 10 3298,5333 3329 5 17-14-8-7-3-4
24.9558 2 1 1 7 5 360 1 1600,5519,6431 0 3 7-3-4-5
24.979 2 1 1 3 6 360 1 126,3499,3861 0 1 3-6
25.0156 2 0 1 12 2 360 1 119,2445,2695 -1 -1 
