Arr_rate Arr_Time  arr_TS  is_acc  is_USST src  dest  dur  rate  ARopt  selectedOp  pathLen  path
0.113628 0 1 1 6 16 360 1 3822,4411,7690 0 6 6-3-7-8-14-17-16
0.266689 0 1 2 2 7 300 10 834,3871 834 1 2-7
0.823032 0 1 2 8 4 348 10 1680,4707 1680 3 8-11-10-4
0.978904 0 1 2 7 15 144 10 4163,5968 4163 4 7-8-14-12-15
1.9368 0 1 1 10 13 360 1 1155,2463,6055 0 5 10-11-8-14-12-13
2.32305 0 1 1 10 14 360 1 1408,5549,6251 0 3 10-11-8-14
2.90781 0 1 1 4 8 360 1 713,5196,5577 0 3 4-10-11-8
4.04429 0 1 1 14 17 360 1 927,1086,3149 0 1 14-17
5.01807 0 1 2 1 19 240 10 6875,7500 6875 5 1-7-8-11-18-19
6.66937 0 1 2 2 19 150 10 4988,5070 4988 5 2-4-10-11-18-19
7.72457 0 1 2 11 17 78 10 5122,7555 5122 3 11-18-19-17
7.84045 0 1 1 18 3 360 1 992,3692,7263 0 4 18-11-8-7-3
8.69053 0 1 2 3 9 18 10 5047,6238 5047 2 3-7-9
11.9548 1 1 1 4 12 360 1 274,629,7853 0 5 4-10-11-8-14-12
12.1531 1 1 1 1 11 360 1 1427,5180,5311 0 3 1-7-8-11
12.6851 1 1 1 3 2 360 1 3372,5616,6240 0 2 3-7-2
16.9097 1 1 1 4 2 360 1 816,904,6429 0 1 4-2
19.6542 1 1 1 10 16 360 1 2499,4884,6759 0 5 10-11-18-19-17-16
23.662 2 1 2 13 8 30 10 2945,5000 2943 3 13-12-14-8
24.7484 2 1 2 2 3 204 10 4702,5449 4700 2 2-7-3
27.5802 2 1 1 2 3 360 1 1034,2112,6146 0 2 2-7-3
28.0746 2 1 1 8 15 360 1 846,7022,7552 0 3 8-14-12-15
28.8191 2 1 1 4 2 360 1 3086,5727,7225 0 1 4-2
29.9894 2 1 1 14 7 360 1 31,6600,6689 0 2 14-8-7
30.5167 3 1 1 7 19 360 1 4711,7319,8086 0 4 7-8-11-18-19
30.7804 3 1 1 2 6 360 1 2736,3859,4526 0 2 2-4-6
31.5906 3 1 2 16 15 84 10 311,6275 308 1 16-15
32.1454 3 1 2 6 15 330 10 6173,7808 6170 6 6-3-7-8-14-12-15
32.4385 3 1 1 12 2 360 1 65,5180,5622 0 4 12-14-8-7-2
34.2696 3 1 2 6 14 42 10 6,2817 3 4 6-3-7-8-14
35.5425 3 1 2 11 7 72 10 2040,8159 2037 2 11-8-7
37.9068 3 1 1 11 2 360 1 2842,5525,7888 0 3 11-8-7-2
38.4564 3 1 1 16 2 360 1 662,3217,4009 0 5 16-17-14-8-7-2
39.1646 3 1 1 4 13 360 1 662,3167,4377 0 6 4-10-11-8-14-12-13
39.3841 3 1 1 14 17 360 1 3546,3825,4420 0 1 14-17
39.6467 3 1 2 11 9 84 10 6124,7224 6121 2 11-10-9
41.4255 4 1 2 15 2 18 10 356,602 352 5 15-12-14-8-7-2
41.9706 4 1 1 7 15 360 1 4510,6097,7900 0 4 7-8-14-12-15
45.0723 4 1 2 6 7 12 10 1142,7377 1138 2 6-3-7
46.3839 4 1 1 19 14 360 1 4820,6833,7535 0 2 19-17-14
47.2134 4 1 1 15 8 360 1 3627,3995,5549 0 3 15-12-14-8
48.7865 4 1 2 19 8 12 10 3623,3726 3619 3 19-17-14-8
49.1853 4 1 2 6 12 24 10 1128,4338 1124 5 6-3-7-8-14-12
50.4908 5 1 1 16 9 360 1 547,763,1633 0 5 16-17-14-8-7-9
51.4046 5 1 2 10 9 12 10 5424,7295 5419 1 10-9
53.3947 5 1 1 7 16 360 1 39,6188,7271 0 4 7-8-14-17-16
55.2333 5 1 2 17 19 252 10 1294,3960 1289 1 17-19
57.2664 5 1 1 8 2 360 1 1518,6333,8054 0 2 8-7-2
59.8312 5 1 1 2 11 360 1 593,2014,8007 0 3 2-4-10-11
60.7799 6 1 1 16 14 360 1 2322,4897,5597 0 2 16-17-14
61.5542 6 1 1 6 19 360 1 6990,7631,8223 0 5 6-4-10-11-18-19
66.0947 6 1 1 2 19 360 1 1223,1647,2405 0 5 2-4-10-11-18-19
66.6342 6 1 1 10 9 360 1 274,6325,6562 0 1 10-9
66.8417 6 1 1 9 10 360 1 1988,6211,8005 0 1 9-10
68.151 6 1 2 19 11 72 10 735,5606 729 2 19-18-11
68.5774 6 1 1 1 16 360 1 1056,6092,6165 0 5 1-7-8-14-17-16
70.3021 7 1 2 4 8 102 10 1315,4518 1308 3 4-10-11-8
72.0975 7 1 2 7 12 228 10 1095,2530 1088 3 7-8-14-12
72.3512 7 1 1 17 18 360 1 692,6073,6737 0 2 17-19-18
73.024 7 1 1 12 3 360 1 437,1869,7679 0 4 12-14-8-7-3
73.2317 7 1 2 10 13 108 10 26,4072 19 5 10-11-8-14-12-13
74.6287 7 1 1 19 4 360 1 1248,2254,3810 0 4 19-18-11-10-4
75.3047 7 1 1 8 12 360 1 2259,2521,6939 0 2 8-14-12
75.3544 7 1 1 15 2 360 1 252,1554,6001 0 5 15-12-14-8-7-2
75.6865 7 1 1 18 9 360 1 3974,4265,6514 0 3 18-11-10-9
76.3343 7 1 2 7 5 252 10 4188,5494 4181 3 7-3-4-5
76.9574 7 1 1 9 12 360 1 1069,1957,2524 0 8 9-10-11-18-19-17-16-15-12
77.0741 7 1 2 1 13 90 10 3051,7014 3044 5 1-7-8-14-12-13
77.5253 7 1 1 15 18 360 1 5228,5404,6641 0 4 15-16-17-19-18
80.3356 8 1 1 12 8 360 1 1459,3984,5746 0 2 12-14-8
81.2383 8 1 2 11 10 30 10 3811,4998 3803 1 11-10
82.7356 8 1 1 12 6 360 1 55,2101,6176 0 5 12-14-8-7-3-6
83.5026 8 1 1 17 5 360 1 952,3922,5227 0 6 17-19-18-11-10-4-5
83.5902 8 1 2 17 7 12 10 4831,7138 4823 3 17-14-8-7
84.181 8 1 2 4 18 78 10 5162,5795 5154 3 4-10-11-18
84.3477 8 1 1 19 16 360 1 452,6963,8268 0 2 19-17-16
84.6987 8 1 1 9 3 360 1 812,1111,3998 0 3 9-10-4-3
85.0946 8 1 1 18 14 360 1 195,1089,3863 0 3 18-19-17-14
86.8442 8 1 2 8 3 24 10 1787,8025 1779 2 8-7-3
87.0964 8 1 1 7 12 360 1 83,6149,6274 0 3 7-8-14-12
87.2236 8 1 1 16 17 360 1 4258,4782,7799 0 1 16-17
87.464 8 1 1 10 1 360 1 1419,2688,5252 0 3 10-9-7-1
89.4318 8 1 1 8 13 360 1 1143,2143,7682 0 7 8-11-18-19-17-16-15-13
89.5887 8 1 1 2 15 360 1 223,768,7046 0 5 2-7-8-14-12-15
90.7154 9 1 1 13 19 360 1 4053,6436,7918 0 4 13-15-16-17-19
91.8124 9 1 1 2 11 360 1 661,1209,5486 0 3 2-4-10-11
93.2086 9 1 1 14 12 360 1 4765,5088,7390 0 1 14-12
93.4985 9 1 1 6 15 360 1 1781,3361,4366 0 6 6-3-7-8-14-12-15
97.0423 9 1 1 16 9 360 1 5460,7083,7732 0 5 16-17-14-8-7-9
99.9848 9 1 1 17 7 360 1 530,2393,5595 0 3 17-14-8-7
100.999 10 1 1 9 2 360 1 3845,5549,5697 0 2 9-7-2
101.114 10 1 1 18 13 360 1 113,1985,7412 0 5 18-19-17-16-15-13
101.472 10 1 2 12 9 138 10 209,4491 199 4 12-14-8-7-9
102.75 10 1 1 13 12 360 1 1939,3278,6063 0 1 13-12
102.995 10 1 1 17 5 360 1 6746,7212,7398 0 6 17-19-18-11-10-4-5
105.373 10 1 2 4 15 342 10 2090,2752 2080 6 4-10-11-8-14-12-15
105.455 10 1 1 18 16 360 1 906,6108,8071 0 3 18-19-17-16
106.142 10 1 2 3 9 144 10 577,7354 567 2 3-7-9
107.074 10 1 1 7 16 360 1 2202,2777,2827 0 4 7-8-14-17-16
108.445 10 1 1 3 2 360 1 108,6059,6174 0 2 3-7-2
109.425 10 1 1 17 19 360 1 840,1001,6186 0 1 17-19
109.445 10 1 1 2 6 360 1 1075,4367,7828 0 2 2-4-6
111.084 11 1 1 17 7 360 1 1761,2270,4283 0 3 17-14-8-7
111.383 11 1 2 10 2 108 10 5886,6371 5875 2 10-4-2
115.1 11 1 1 7 14 360 1 3674,6248,6401 0 2 7-8-14
115.885 11 1 1 4 13 360 1 216,914,1193 0 6 4-10-11-8-14-12-13
118.372 11 1 1 2 5 360 1 7313,7689,8008 0 2 2-4-5
120.254 12 1 2 9 13 12 10 4445,7333 4433 5 9-7-8-14-12-13
120.658 12 1 1 18 5 360 1 3944,5862,8013 0 4 18-11-10-4-5
122.511 12 1 1 1 16 360 1 2032,3310,5448 0 5 1-7-8-14-17-16
123.045 12 1 1 18 19 360 1 6577,6989,7922 0 1 18-19
124.693 12 1 1 4 16 360 1 70,926,3551 0 6 4-10-11-18-19-17-16
125.343 12 1 1 14 3 360 1 5689,6294,7444 0 3 14-8-7-3
125.43 12 1 1 8 19 360 1 3710,5018,5585 0 3 8-11-18-19
125.682 12 1 1 11 15 360 1 5129,6266,7096 0 4 11-8-14-12-15
126.888 12 1 1 12 19 360 1 3103,3972,6843 0 3 12-14-17-19
129.758 12 1 1 11 2 360 1 523,3530,6743 0 3 11-8-7-2
130.6 13 1 1 5 13 360 1 1050,2738,5360 0 9 5-4-10-11-18-19-17-16-15-13
131.053 13 1 1 1 3 360 1 1736,1805,2222 0 1 1-3
131.063 13 1 1 6 16 360 1 2977,4280,7577 0 6 6-3-7-8-14-17-16
131.096 13 1 1 18 12 360 1 2560,3479,5599 0 4 18-19-17-14-12
132.662 13 1 1 16 7 360 1 172,2242,3092 0 4 16-17-14-8-7
133.857 13 1 2 3 9 12 10 1384,3518 1371 2 3-7-9
134.412 13 1 1 6 3 360 1 2821,3591,6865 0 1 6-3
135.642 13 1 1 7 13 360 1 5333,7444,7465 0 4 7-8-14-12-13
137.669 13 1 1 9 18 360 1 50,698,7196 0 3 9-10-11-18
138.838 13 1 1 1 19 360 1 2666,7489,7880 0 5 1-7-8-11-18-19
138.883 13 1 1 11 18 360 1 946,1161,6624 0 1 11-18
140.909 14 1 1 13 19 360 1 937,2643,7576 0 4 13-15-16-17-19
144.744 14 1 1 18 19 360 1 776,3053,3295 0 1 18-19
145.223 14 1 2 1 10 42 10 1073,7718 1059 3 1-7-9-10
146.325 14 1 1 9 2 360 1 913,3214,5098 0 2 9-7-2
146.391 14 1 1 18 17 360 1 1834,2511,5016 0 2 18-19-17
146.723 14 1 2 11 4 24 10 6089,7160 6075 2 11-10-4
149.904 14 1 1 14 7 360 1 3223,4144,7889 0 2 14-8-7
150.532 15 1 2 4 3 12 10 5300,7738 5285 1 4-3
150.74 15 1 2 6 19 24 10 3788,5652 3773 5 6-4-10-11-18-19
152.018 15 1 2 4 7 18 10 4591,8476 4576 2 4-3-7
152.845 15 1 1 18 12 360 1 1641,6110,6418 0 4 18-19-17-14-12
153.107 15 1 1 9 15 360 1 1498,3556,5403 0 5 9-7-8-14-12-15
154.35 15 1 1 17 6 360 1 1457,4062,7902 0 5 17-14-8-7-3-6
154.867 15 1 2 17 12 276 10 1742,6434 1727 2 17-14-12
157.361 15 1 1 5 12 360 1 4246,7181,7930 0 6 5-4-10-11-8-14-12
157.677 15 1 1 1 4 360 1 2804,3613,7358 0 2 1-3-4
158.883 15 1 1 11 19 360 1 3590,6816,7313 0 2 11-18-19
160.7 16 1 2 6 11 168 10 2722,4202 2706 3 6-4-10-11
161.101 16 1 2 12 10 108 10 1975,8183 1959 4 12-14-8-11-10
161.432 16 1 1 18 5 360 1 1625,2267,5717 0 8 18-19-17-14-8-7-3-4-5
161.759 16 1 1 12 15 360 1 3007,4665,6136 0 1 12-15
161.917 16 1 1 5 7 360 1 1162,6204,6936 0 3 5-4-3-7
162.965 16 1 1 17 8 360 1 2436,5702,7382 0 2 17-14-8
163.143 16 1 1 11 1 360 1 6321,6604,8233 0 3 11-8-7-1
163.175 16 1 1 8 19 360 1 1786,6514,7728 0 3 8-14-17-19
166.527 16 1 2 7 6 48 10 2373,2905 2357 2 7-3-6
172.176 17 1 1 12 14 360 1 41,1201,1713 0 1 12-14
172.542 17 1 1 11 3 360 1 2737,2770,7003 0 3 11-8-7-3
173.459 17 1 1 6 2 360 1 1551,1661,4444 0 2 6-4-2
174.803 17 1 1 6 15 360 1 859,3435,5399 0 8 6-4-10-11-18-19-17-16-15
175.416 17 1 1 16 2 360 1 589,986,4381 0 5 16-17-14-8-7-2
175.861 17 1 1 11 5 360 1 953,2164,4697 0 3 11-10-4-5
175.98 17 1 1 12 19 360 1 755,3760,6285 0 3 12-14-17-19
176.951 17 1 1 16 13 360 1 4356,5372,7789 0 2 16-15-13
177.029 17 1 1 8 3 360 1 2523,5906,6782 0 2 8-7-3
177.872 17 1 1 2 18 360 1 1814,5440,7560 0 6 2-7-8-14-17-19-18
178.231 17 1 1 13 5 360 1 1764,3669,6074 0 7 13-12-14-8-7-3-4-5
179.256 17 1 2 3 11 30 10 479,3542 462 3 3-4-10-11
181.311 18 1 1 19 6 360 1 1592,3313,4439 0 5 19-18-11-10-4-6
181.866 18 1 1 19 10 360 1 1206,1764,5674 0 3 19-18-11-10
182.642 18 1 1 1 10 360 1 3725,5385,5559 0 3 1-7-9-10
183.426 18 1 2 7 13 24 10 1439,7578 1421 4 7-8-14-12-13
183.98 18 1 2 6 18 12 10 1983,3932 1965 7 6-3-7-8-14-17-19-18
184.852 18 1 2 10 5 30 10 845,1519 827 2 10-4-5
184.913 18 1 1 12 2 360 1 3645,5929,7418 0 4 12-14-8-7-2
187.263 18 1 1 5 7 360 1 1201,2305,5057 0 3 5-4-3-7
187.89 18 1 1 1 18 360 1 742,4553,7703 0 4 1-7-8-11-18
188.433 18 1 2 13 11 174 10 3949,6329 3931 4 13-12-14-8-11
190.846 19 1 1 9 19 360 1 2444,3408,5722 0 4 9-10-11-18-19
191.138 19 1 2 15 19 300 10 6647,7033 6628 3 15-16-17-19
192.619 19 1 2 15 14 24 10 2488,5964 2469 2 15-12-14
192.908 19 1 1 11 14 360 1 897,3437,6974 0 4 11-18-19-17-14
193.827 19 1 1 2 7 360 1 6005,7175,7746 0 1 2-7
194.325 19 1 1 1 19 360 1 254,5361,7961 0 5 1-7-8-11-18-19
194.396 19 1 1 5 12 360 1 1706,4198,5238 0 6 5-4-3-7-8-14-12
194.693 19 1 1 2 16 360 1 950,5867,8162 0 7 2-4-10-11-18-19-17-16
196.325 19 1 1 12 3 360 1 4811,5882,6992 0 4 12-14-8-7-3
196.964 19 1 1 8 12 360 1 474,7758,7935 0 2 8-14-12
198.832 19 1 1 9 14 360 1 5389,5885,7932 0 3 9-7-8-14
200.493 20 1 2 14 3 120 10 511,7555 491 3 14-8-7-3
201.975 20 1 1 4 6 360 1 2192,6395,7208 0 1 4-6
202.037 20 1 1 17 2 360 1 2411,5986,6732 0 4 17-14-8-7-2
202.239 20 1 2 4 2 162 10 3842,4265 3822 1 4-2
202.96 20 1 1 18 6 360 1 1290,5031,7658 0 4 18-11-10-4-6
204.035 20 1 1 15 1 360 1 2062,4434,4751 0 5 15-12-14-8-7-1
204.061 20 1 2 17 1 78 10 3517,4409 3497 4 17-14-8-7-1
205.597 20 1 1 18 19 360 1 422,1073,3193 0 1 18-19
205.796 20 1 1 8 2 360 1 2598,4257,5649 0 2 8-7-2
206.317 20 1 2 6 12 24 10 3351,7402 3331 5 6-3-7-8-14-12
208.942 20 1 1 16 9 360 1 3275,4006,5528 0 5 16-17-14-8-7-9
210.841 21 1 1 11 7 360 1 3590,7608,7875 0 2 11-8-7
211.555 21 1 1 12 8 360 1 4069,4218,4835 0 2 12-14-8
213.264 21 1 2 12 11 108 10 79,2129 58 3 12-14-8-11
213.396 21 1 2 8 4 150 10 5111,5954 5090 3 8-11-10-4
214.544 21 1 1 3 19 360 1 339,2807,3844 0 5 3-4-10-11-18-19
215.947 21 1 2 13 5 12 10 923,6233 902 7 13-12-14-8-11-10-4-5
217.122 21 1 1 14 12 360 1 2035,5722,6232 0 1 14-12
217.724 21 1 1 15 19 360 1 3413,5451,5849 0 3 15-16-17-19
217.742 21 1 1 9 7 360 1 591,3066,4281 0 1 9-7
217.81 21 1 1 11 12 360 1 712,5732,6885 0 3 11-8-14-12
219.013 21 1 1 8 19 360 1 2897,5734,6657 0 3 8-11-18-19
219.804 21 1 1 17 7 360 1 2328,5489,6159 0 3 17-14-8-7
220.365 22 1 1 19 15 360 1 152,3765,5101 0 3 19-17-16-15
220.979 22 1 1 17 12 360 1 6888,7380,7988 0 2 17-14-12
221.951 22 1 1 13 11 360 1 5133,5782,5892 0 4 13-12-14-8-11
225.001 22 1 1 7 8 360 1 24,2367,7182 0 1 7-8
226.111 22 1 2 4 18 102 10 187,7839 165 3 4-10-11-18
229.022 22 1 1 10 6 360 1 2654,3997,7839 0 2 10-4-6
229.715 22 1 2 14 15 18 10 5633,8463 5611 2 14-12-15
230.089 23 1 2 1 17 336 10 1200,6293 1177 4 1-7-8-14-17
230.101 23 1 1 5 15 360 1 1956,6820,7168 0 7 5-4-3-7-8-14-12-15
230.455 23 1 2 17 13 24 10 465,5865 442 3 17-16-15-13
230.873 23 1 1 9 8 360 1 2371,4179,4358 0 2 9-7-8
232.357 23 1 2 12 11 24 10 176,2317 153 3 12-14-8-11
233.762 23 1 1 6 17 360 1 362,2526,7871 0 6 6-4-10-11-18-19-17
234.068 23 1 1 18 14 360 1 3515,4664,6650 0 3 18-19-17-14
234.12 23 1 1 14 10 360 1 5509,6322,7628 0 3 14-8-11-10
235.15 23 1 1 16 15 360 1 3082,3337,5716 0 1 16-15
235.324 23 1 1 6 3 360 1 164,4641,8098 0 1 6-3
237.093 23 1 2 17 16 300 10 2262,2299 2239 1 17-16
237.584 23 1 1 2 11 360 1 1613,2552,5983 0 3 2-4-10-11
237.791 23 1 1 8 18 360 1 1690,3515,7723 0 4 8-14-17-19-18
238.083 23 1 1 17 5 360 1 5318,6410,7489 0 6 17-19-18-11-10-4-5
238.804 23 1 1 2 19 360 1 1735,2180,7929 1 5 2-4-10-11-18-19
242.526 24 1 1 12 18 360 1 2450,3308,3998 0 4 12-14-17-19-18
245.034 24 1 2 18 7 96 10 6383,8121 6359 3 18-11-8-7
245.287 24 1 1 14 16 360 1 1250,2585,5565 0 2 14-17-16
247.178 24 1 1 2 16 360 1 4589,6988,8040 0 5 2-7-8-14-17-16
247.196 24 1 1 18 16 360 1 797,2778,5594 0 3 18-19-17-16
247.512 24 1 2 8 17 168 10 1097,3824 1271 4 8-11-18-19-17
248.551 24 1 1 9 15 360 1 556,1945,6388 0 5 9-7-8-14-12-15
248.871 24 1 2 2 15 12 10 1179,5055 1155 5 2-7-8-14-12-15
253.031 25 1 2 10 16 324 10 5387,5456 5362 5 10-11-18-19-17-16
255.264 25 1 2 2 13 114 10 376,1594 351 5 2-7-8-14-12-13
256.158 25 1 2 16 7 18 10 433,7361 408 4 16-17-14-8-7
256.443 25 1 1 2 11 360 1 350,694,7134 0 3 2-4-10-11
257.182 25 1 1 4 17 360 1 3446,3623,4622 0 5 4-10-11-18-19-17
259.164 25 1 1 17 9 360 1 2071,2672,3346 0 4 17-14-8-7-9
260.002 26 1 2 7 15 30 10 3418,4916 3392 4 7-8-14-12-15
260.656 26 1 1 10 9 360 1 1489,2018,5253 0 1 10-9
261.968 26 1 2 9 2 18 10 1000,6437 974 2 9-7-2
262.941 26 1 1 17 14 360 1 2199,6136,7922 0 1 17-14
263.187 26 1 1 4 17 360 1 2471,3960,6423 0 5 4-10-11-18-19-17
264.374 26 1 2 18 12 234 10 4344,6585 4318 4 18-19-17-14-12
264.635 26 1 1 14 17 360 1 259,4188,6147 0 1 14-17
264.922 26 1 1 5 1 360 1 3408,5658,6625 0 3 5-4-3-1
265.454 26 1 1 6 9 360 1 2304,2638,5920 0 3 6-4-10-9
266.562 26 1 1 17 12 360 1 5479,7663,8224 0 2 17-14-12
267.653 26 1 1 19 11 360 1 1246,3543,6493 1 2 19-18-11
269.241 26 1 2 7 18 30 10 3718,7392 3692 3 7-8-11-18
269.374 26 1 1 13 15 360 1 1792,1842,3418 0 1 13-15
272.665 27 1 1 5 9 360 1 314,2414,4007 0 3 5-4-10-9
273.053 27 1 1 8 10 360 1 1593,3771,4550 0 2 8-11-10
273.817 27 1 1 9 5 360 1 956,3352,4855 0 3 9-10-4-5
276.418 27 1 2 16 13 246 10 3834,6861 3807 2 16-15-13
276.983 27 1 1 17 5 360 1 3118,4497,6948 0 6 17-19-18-11-10-4-5
278.844 27 1 2 2 19 12 10 499,8220 472 5 2-4-10-11-18-19
278.977 27 1 1 3 19 360 1 5722,6922,8237 0 5 3-4-10-11-18-19
279.378 27 1 2 17 12 96 10 480,7198 453 2 17-14-12
280.132 28 1 1 8 2 360 1 904,3807,3979 0 4 8-11-10-4-2
281.309 28 1 1 4 13 360 1 3350,4541,5109 0 6 4-10-11-8-14-12-13
281.547 28 1 1 6 3 360 1 6113,6561,7749 0 1 6-3
282.526 28 1 1 3 1 360 1 2518,4714,7466 0 1 3-1
283.472 28 1 2 19 9 186 10 2713,3718 2685 4 19-18-11-10-9
285.422 28 1 1 19 10 360 1 918,3522,4418 0 3 19-18-11-10
285.823 28 1 1 13 4 360 1 2470,3566,4044 0 6 13-12-14-8-11-10-4
287.109 28 1 1 7 3 360 1 2096,5765,6287 0 1 7-3
287.589 28 1 1 18 9 360 1 3311,5383,5593 0 3 18-11-10-9
288.107 28 1 2 6 15 66 10 4561,8371 4533 6 6-3-7-8-14-12-15
288.92 28 1 1 19 2 360 1 1666,5929,7535 1 5 19-17-14-8-7-2
294.387 29 1 1 13 14 360 1 928,2325,6994 0 4 13-15-16-17-14
294.415 29 1 1 4 13 360 1 4802,7183,7392 0 6 4-10-11-8-14-12-13
294.947 29 1 1 18 9 360 1 1265,2972,7686 1 3 18-11-10-9
296.926 29 1 1 10 2 360 1 3125,6375,6821 0 2 10-4-2
298.441 29 1 1 1 6 360 1 755,2248,5095 0 2 1-3-6
299.523 29 1 1 18 8 360 1 908,5990,6536 0 2 18-11-8
300.145 30 1 1 7 11 360 1 3442,5020,5907 0 2 7-8-11
300.236 30 1 1 3 6 360 1 39,3057,3834 0 1 3-6
300.549 30 1 2 15 6 12 10 1004,6483 974 6 15-12-14-8-7-3-6
301.871 30 1 1 16 13 360 1 405,2041,7251 0 2 16-15-13
304.205 30 1 1 10 16 360 1 228,880,2881 1 5 10-11-18-19-17-16
304.654 30 1 1 15 2 360 1 1842,1969,7826 2 5 15-12-14-8-7-2
306.192 30 1 2 15 5 18 10 5533,6821 5503 7 15-12-14-8-11-10-4-5
307.57 30 1 1 9 2 360 1 229,3498,6659 0 2 9-7-2
310.617 31 1 1 14 1 360 1 245,3704,5722 1 3 14-8-7-1
311.474 31 1 1 17 10 360 1 2878,4960,6539 0 4 17-19-18-11-10
311.523 31 1 1 15 4 360 1 4149,4768,6304 0 7 15-16-17-19-18-11-10-4
311.87 31 1 2 2 1 18 10 5085,8294 5054 1 2-1
312.002 31 1 2 7 12 144 10 5812,6067 5781 3 7-8-14-12
312.27 31 1 1 4 17 360 1 3559,5246,6617 0 5 4-10-11-18-19-17
314.162 31 1 1 16 17 360 1 1666,4137,6049 0 1 16-17
315.061 31 1 1 9 7 360 1 1042,3035,7440 0 1 9-7
315.399 31 1 1 3 11 360 1 2582,2628,7930 0 3 3-4-10-11
318.963 31 1 2 4 12 30 10 305,1225 274 7 4-10-11-18-19-17-14-12
318.984 31 1 1 5 6 360 1 1937,7275,7964 0 2 5-4-6
319.38 31 1 1 15 10 360 1 1661,6866,6880 1 5 15-12-14-8-11-10
320.712 32 1 2 14 5 168 10 2875,3790 2843 5 14-8-7-3-4-5
323.238 32 1 1 4 2 360 1 156,1982,2205 0 1 4-2
325.998 32 1 1 14 17 360 1 4762,6541,6564 0 1 14-17
326.37 32 1 1 4 9 360 1 1926,2227,2797 0 2 4-10-9
328.465 32 1 1 5 13 360 1 945,4114,7665 1 9 5-4-10-11-18-19-17-16-15-13
328.644 32 1 2 8 18 132 10 6861,7144 6829 2 8-11-18
329.415 32 1 1 4 18 360 1 206,4664,5498 1 3 4-10-11-18
329.842 32 1 1 14 15 360 1 60,4543,6797 0 3 14-17-16-15
330.429 33 1 1 1 4 360 1 390,3207,3845 0 2 1-3-4
330.509 33 1 2 2 9 48 10 1328,2958 1295 2 2-7-9
332.69 33 1 1 1 14 360 1 1961,7090,8058 1 3 1-7-8-14
332.918 33 1 1 7 14 360 1 1150,5191,5706 1 2 7-8-14
333.576 33 1 1 4 10 360 1 4676,6002,6107 0 1 4-10
334.356 33 1 1 2 16 360 1 4208,5290,6862 0 5 2-7-8-14-17-16
334.968 33 1 1 18 15 360 1 2143,4838,5284 0 4 18-19-17-16-15
339.084 33 1 2 6 7 90 10 1670,4232 1637 2 6-3-7
339.133 33 1 1 13 1 360 1 3989,5224,6204 0 5 13-12-14-8-7-1
339.689 33 1 1 11 6 360 1 2419,4362,6149 0 3 11-10-4-6
339.971 33 1 1 11 12 360 1 3856,3892,4732 0 3 11-8-14-12
340.027 34 1 2 9 4 12 10 1763,6051 1729 2 9-10-4
340.492 34 1 1 11 1 360 1 364,1909,7493 2 3 11-8-7-1
340.613 34 1 1 17 11 360 1 650,1659,8101 0 3 17-19-18-11
341.386 34 1 1 5 18 360 1 1907,2829,6045 1 4 5-4-10-11-18
342.486 34 1 1 18 9 360 1 587,2100,5559 0 3 18-11-10-9
342.737 34 1 1 17 1 360 1 393,953,4256 0 4 17-14-8-7-1
343.252 34 1 1 16 1 360 1 867,4272,4919 0 8 16-17-19-18-11-10-9-7-1
343.751 34 1 1 4 9 360 1 1076,4806,5666 0 2 4-10-9
343.868 34 1 1 1 16 360 1 5218,6422,7157 0 5 1-7-8-14-17-16
344.836 34 1 1 5 15 360 1 2121,5146,5990 0 7 5-4-10-11-8-14-12-15
345.129 34 1 1 15 10 360 1 479,931,2015 0 9 15-16-17-19-18-11-8-7-9-10
345.466 34 1 1 1 15 360 1 2096,4534,6369 0 5 1-7-8-14-12-15
346.796 34 1 1 11 14 360 1 1702,2738,4601 0 4 11-18-19-17-14
352.046 35 1 1 8 17 360 1 1065,6539,6927 1 2 8-14-17
352.389 35 1 1 1 3 360 1 1893,6779,7683 0 1 1-3
354.513 35 1 2 7 13 54 10 1913,7676 1878 4 7-8-14-12-13
356.146 35 1 1 1 11 360 1 901,4053,7742 1 3 1-7-8-11
356.79 35 1 1 9 19 360 1 5703,5741,6089 0 4 9-10-11-18-19
359.678 35 1 2 9 10 240 10 1760,4665 1725 1 9-10
362.743 36 1 1 17 1 360 1 2601,3442,7224 0 6 17-19-18-11-8-7-1
362.837 36 1 1 4 3 360 1 875,6465,7097 0 1 4-3
363.025 36 1 1 2 5 360 1 3420,5900,6248 0 2 2-4-5
367.012 36 1 1 6 16 360 1 1180,1409,8013 2 6 6-3-7-8-14-17-16
367.921 36 1 1 2 3 360 1 1946,5460,6463 0 2 2-7-3
368.637 36 1 1 19 12 360 1 1055,1944,3613 0 4 19-17-16-15-12
369.44 36 1 1 17 2 360 1 1784,3602,4781 1 4 17-14-8-7-2
369.454 36 1 1 17 10 360 1 6907,6915,6958 0 5 17-14-8-7-9-10
374.942 37 1 1 3 18 360 1 508,3715,3926 1 4 3-4-10-11-18
375.797 37 1 2 18 9 192 10 1962,3158 1991 3 18-11-10-9
376.344 37 1 1 6 16 360 1 425,567,3443 2 6 6-3-7-8-14-17-16
376.681 37 1 2 18 17 84 10 1364,7757 1426 2 18-19-17
380.075 38 1 1 2 16 360 1 555,4180,4454 0 7 2-4-10-11-18-19-17-16
380.393 38 1 1 8 6 360 1 4450,6764,7043 0 4 8-11-10-4-6
381.008 38 1 1 5 8 360 1 657,1310,7221 0 4 5-4-3-7-8
383.954 38 1 2 4 10 18 10 1292,3499 1254 1 4-10
384.186 38 1 2 11 4 96 10 3645,5338 3607 2 11-10-4
384.254 38 1 1 8 6 360 1 5845,6424,7896 0 3 8-7-3-6
386.67 38 1 1 1 17 360 1 1385,4450,7663 0 7 1-7-9-10-11-18-19-17
386.696 38 1 1 11 18 360 1 1403,4601,6589 0 1 11-18
386.954 38 1 1 19 5 360 1 1697,3003,6517 1 5 19-18-11-10-4-5
388.776 38 1 1 14 5 360 1 5362,7756,7829 0 5 14-8-11-10-4-5
389.718 38 1 1 1 12 360 1 1480,3917,6613 0 4 1-7-8-14-12
389.926 38 1 2 19 16 18 10 125,2299 87 2 19-17-16
390.25 39 1 1 18 11 360 1 1500,4015,4710 0 1 18-11
391.186 39 1 1 12 9 360 1 2724,7101,7531 0 7 12-14-17-19-18-11-10-9
391.503 39 1 1 4 9 360 1 906,2506,3587 0 2 4-10-9
395.821 39 1 2 5 14 18 10 4430,8142 4391 5 5-4-10-11-8-14
396.897 39 1 1 15 8 360 1 173,4502,5314 1 4 15-16-17-14-8
398.307 39 1 1 17 12 360 1 5382,5564,6213 0 2 17-14-12
398.439 39 1 1 10 17 360 1 2863,3347,7029 0 4 10-11-18-19-17
399.11 39 1 1 15 6 360 1 2625,4630,7758 0 8 15-16-17-19-18-11-10-4-6
399.28 39 1 1 6 19 360 1 59,428,3674 0 5 6-4-10-11-18-19
400.421 40 1 1 18 15 360 1 5958,6373,7587 0 4 18-19-17-16-15
401.081 40 1 1 6 9 360 1 1963,2391,5352 0 3 6-4-10-9
402.121 40 1 2 10 14 144 10 1605,7091 1565 3 10-11-8-14
403.041 40 1 1 13 15 360 1 1770,2063,4589 0 1 13-15
403.63 40 1 2 17 13 72 10 3155,5146 3115 3 17-16-15-13
403.804 40 1 1 12 13 360 1 696,4395,6715 0 1 12-13
404.133 40 1 1 17 14 360 1 1764,3621,8113 0 1 17-14
404.92 40 1 2 16 6 84 10 5931,6173 5891 6 16-17-14-8-7-3-6
406.42 40 1 2 6 11 240 10 1793,3645 2072 4 6-3-7-8-11
407.379 40 1 1 19 2 360 1 381,4302,7139 1 5 19-18-11-8-7-2
410.919 41 1 2 2 7 12 10 555,4514 514 1 2-7
411.208 41 1 1 19 14 360 1 4261,4340,5192 0 2 19-17-14
411.671 41 1 2 14 3 288 10 471,8121 470 7 14-17-19-18-11-10-4-3
411.909 41 1 1 18 6 360 1 1676,5265,5602 1 4 18-11-10-4-6
413.722 41 1 1 14 19 360 1 2510,3670,7170 0 2 14-17-19
413.865 41 1 1 19 14 360 1 1935,4561,6535 0 2 19-17-14
413.871 41 1 1 4 17 360 1 122,1148,6999 0 5 4-10-11-18-19-17
414.251 41 1 1 19 2 360 1 2910,4978,8314 0 5 19-18-11-8-7-2
416.214 41 1 1 1 2 360 1 3304,4392,6064 0 1 1-2
416.542 41 1 1 6 9 360 1 733,2339,6264 0 3 6-4-10-9
416.973 41 1 1 17 1 360 1 152,4906,7909 1 4 17-14-8-7-1
419.431 41 1 2 12 15 108 10 4269,6788 4228 1 12-15
420.981 42 1 1 3 17 360 1 1548,2455,3122 0 4 3-7-8-14-17
421.119 42 1 1 3 4 360 1 3342,3419,7513 0 1 3-4
421.137 42 1 1 8 7 360 1 4845,5964,6312 0 1 8-7
421.324 42 1 2 8 11 18 10 154,6105 112 1 8-11
421.479 42 1 1 18 17 360 1 557,3382,4961 1 2 18-19-17
422.416 42 1 1 12 2 360 1 3073,4137,5641 0 4 12-14-8-7-2
422.462 42 1 2 15 1 96 10 3046,5474 3004 5 15-12-14-8-7-1
424.714 42 1 2 1 17 12 10 1052,2781 1010 4 1-7-8-14-17
425.796 42 1 1 19 10 360 1 877,5026,7145 1 5 19-17-14-8-11-10
427.362 42 1 1 8 14 360 1 2974,3564,5714 0 5 8-11-18-19-17-14
427.715 42 1 1 18 13 360 1 1475,2170,5238 0 5 18-19-17-16-15-13
428.613 42 1 1 11 3 360 1 3586,6293,8018 0 3 11-8-7-3
430.918 43 1 1 5 7 360 1 2037,7514,7953 0 3 5-4-3-7
431.015 43 1 1 12 18 360 1 6352,6704,7005 0 4 12-14-17-19-18
431.553 43 1 1 12 11 360 1 461,3557,3970 1 3 12-14-8-11
433.53 43 1 1 5 11 360 1 3639,5874,7324 0 3 5-4-10-11
435.097 43 1 1 9 11 360 1 5588,7766,7832 0 2 9-10-11
436.706 43 1 1 14 7 360 1 689,4854,8231 0 2 14-8-7
437.416 43 1 1 12 18 360 1 862,2321,6320 0 5 12-15-16-17-19-18
438.041 43 1 1 14 6 360 1 688,3684,7484 0 4 14-8-7-3-6
440.35 44 1 1 12 5 360 1 2040,2565,3585 1 6 12-14-8-11-10-4-5
441.312 44 1 1 10 7 360 1 2022,4165,7208 0 2 10-9-7
443.275 44 1 1 14 18 360 1 4077,5829,7520 0 3 14-17-19-18
445.752 44 1 1 15 2 360 1 631,6800,7314 0 5 15-12-14-8-7-2
448.343 44 1 1 11 10 360 1 4931,5985,7749 0 1 11-10
451.485 45 1 1 5 2 360 1 2181,4744,6770 0 2 5-4-2
452.478 45 1 1 2 14 360 1 3169,5941,7969 0 3 2-7-8-14
454.686 45 1 1 3 17 360 1 1046,1475,3219 2 4 3-7-8-14-17
457.849 45 1 1 9 2 360 1 1886,2821,5627 0 2 9-7-2
459.037 45 1 1 8 15 360 1 4580,7511,7655 0 3 8-14-12-15
461.079 46 1 1 8 16 360 1 3570,4528,6183 0 3 8-14-17-16
461.341 46 1 2 14 3 78 10 878,7585 844 3 14-8-7-3
462.256 46 1 1 3 17 360 1 1892,2249,5188 1 4 3-7-8-14-17
462.538 46 1 1 18 16 360 1 163,5976,6067 0 3 18-19-17-16
462.548 46 1 1 19 4 360 1 5253,7757,8268 0 4 19-18-11-10-4
463.53 46 1 1 9 13 360 1 778,4456,4807 1 7 9-7-8-14-17-16-15-13
465.964 46 1 1 19 2 360 1 966,3456,4550 1 5 19-17-14-8-7-2
466.025 46 1 1 10 9 360 1 1265,5993,7319 0 1 10-9
466.539 46 1 1 6 3 360 1 1843,4729,7215 0 1 6-3
467.746 46 1 1 12 6 360 1 2406,3655,6138 0 5 12-14-8-7-3-6
469.03 46 1 1 16 17 360 1 5544,6451,6845 0 1 16-17
470.458 47 1 1 9 16 360 1 1614,3393,6927 1 5 9-7-8-14-17-16
471.186 47 1 1 10 13 360 1 593,922,7129 2 5 10-11-8-14-12-13
474.189 47 1 1 2 8 360 1 117,2475,6031 1 2 2-7-8
475.859 47 1 1 1 17 360 1 1560,1913,3914 2 4 1-7-8-14-17
475.941 47 1 1 15 13 360 1 856,3633,4629 0 1 15-13
476.755 47 1 2 18 4 36 10 6444,6929 6397 3 18-11-10-4
476.817 47 1 2 2 14 180 10 2647,6216 2600 3 2-7-8-14
478.331 47 1 1 8 7 360 1 2897,4073,4662 0 1 8-7
478.552 47 1 2 8 14 66 10 3384,7070 3337 1 8-14
481.573 48 1 1 7 5 360 1 234,3315,6351 0 3 7-3-4-5
481.624 48 1 2 2 9 294 10 2597,4391 2549 2 2-7-9
481.966 48 1 2 9 4 264 10 2137,5972 2089 2 9-10-4
483.151 48 1 1 1 5 360 1 4563,5991,6733 0 3 1-3-4-5
484.919 48 1 1 18 13 360 1 2172,4807,7479 0 5 18-19-17-16-15-13
485.208 48 1 1 14 3 360 1 6006,7433,8307 0 3 14-8-7-3
485.703 48 1 1 18 9 360 1 2086,7819,8215 0 3 18-11-10-9
486.063 48 1 1 15 11 360 1 4001,6099,6809 0 5 15-16-17-19-18-11
486.39 48 1 2 15 18 12 10 3535,6518 3487 4 15-16-17-19-18
488.136 48 1 2 18 15 348 10 4869,6225 5090 4 18-19-17-16-15
488.547 48 1 1 11 4 360 1 5253,6807,7560 0 2 11-10-4
488.597 48 1 1 15 17 360 1 1202,3646,5338 0 2 15-16-17
488.949 48 1 1 15 14 360 1 415,553,6464 0 3 15-16-17-14
488.982 48 1 1 13 8 360 1 1809,4974,5194 1 3 13-12-14-8
489.03 48 1 1 18 13 360 1 4473,7687,7717 0 5 18-19-17-16-15-13
489.191 48 1 2 6 10 324 10 1588,4114 2172 5 6-4-2-7-9-10
489.682 48 1 1 13 2 360 1 3202,6205,6243 0 9 13-15-16-17-19-18-11-8-7-2
489.747 48 1 2 18 1 306 10 1100,1489 1262 5 18-11-10-9-7-1
489.843 48 1 2 13 3 288 10 2136,4035 2304 9 13-15-16-17-19-18-11-8-7-3
490.319 49 1 1 9 7 360 1 3046,4984,7916 0 1 9-7
491.671 49 0 2 4 15 288 10 1840,1991 -1 -1 
491.759 49 1 2 1 18 24 10 6041,6354 5992 4 1-7-8-11-18
493.283 49 1 1 18 15 360 1 1913,4693,7847 0 4 18-19-17-16-15
495.555 49 1 2 3 10 48 10 3804,6392 3755 2 3-4-10
495.879 49 1 2 12 9 228 10 579,4886 1414 4 12-14-8-7-9
496.125 49 1 1 2 1 360 1 251,3843,6378 0 1 2-1
501.688 50 1 1 10 6 360 1 2426,4745,7644 0 2 10-4-6
502.243 50 1 1 7 8 360 1 313,3866,6839 1 1 7-8
503.968 50 1 2 6 12 30 10 180,1293 130 9 6-4-10-11-18-19-17-16-15-12
505.7 50 1 2 13 15 30 10 1416,6154 1366 1 13-15
509.438 50 1 1 6 4 360 1 1436,2042,7389 0 1 6-4
512.144 51 1 1 1 12 360 1 107,2412,2518 2 4 1-7-8-14-12
513.055 51 1 1 16 13 360 1 1210,3247,4369 0 2 16-15-13
513.406 51 1 2 11 7 114 10 493,2057 460 3 11-10-9-7
513.455 51 1 2 5 10 96 10 2936,4520 2885 2 5-4-10
514.735 51 1 1 1 6 360 1 1549,1851,2171 0 2 1-3-6
515.448 51 1 2 19 6 72 10 7335,7376 7284 5 19-18-11-10-4-6
515.541 51 1 1 2 19 360 1 622,1554,6492 2 5 2-4-10-11-18-19
516.488 51 1 1 14 7 360 1 1432,6051,6553 1 2 14-8-7
516.603 51 1 1 6 7 360 1 5623,5822,7371 0 2 6-3-7
517.131 51 1 1 2 11 360 1 497,5324,6932 1 3 2-4-10-11
517.438 51 1 1 1 10 360 1 1135,2424,5617 0 3 1-7-9-10
517.535 51 1 1 4 15 360 1 4073,4925,7259 0 7 4-10-11-18-19-17-16-15
518.405 51 1 1 9 19 360 1 245,1676,7383 2 4 9-10-11-18-19
519.932 51 1 2 1 19 24 10 60,5090 9 6 1-7-9-10-11-18-19
520.704 52 1 1 5 17 360 1 1443,5512,7368 1 6 5-4-10-11-18-19-17
521.891 52 1 1 12 2 360 1 1917,2362,3138 1 8 12-14-17-19-18-11-10-4-2
522.48 52 1 2 7 3 258 10 4762,7091 4710 1 7-3
523.522 52 1 1 6 15 360 1 1786,2753,5669 1 9 6-3-7-8-11-18-19-17-16-15
524.32 52 1 2 8 5 78 10 705,2619 653 4 8-11-10-4-5
524.703 52 1 2 18 19 12 10 3746,8208 3694 1 18-19
525.286 52 1 1 15 13 360 1 1948,3345,4719 0 1 15-13
525.55 52 1 1 8 7 360 1 2078,4126,6344 0 1 8-7
526.253 52 1 2 10 2 12 10 7336,7888 7284 2 10-4-2
526.617 52 1 1 9 19 360 1 753,5628,6904 1 4 9-10-11-18-19
530.308 53 1 1 16 11 360 1 2235,2436,3878 0 4 16-17-19-18-11
530.555 53 1 1 17 15 360 1 4853,7121,7408 0 2 17-16-15
531.571 53 1 2 12 7 18 10 6007,8453 5954 3 12-14-8-7
532.7 53 1 1 12 13 360 1 802,5092,5450 0 1 12-13
534.921 53 1 1 16 14 360 1 2558,7548,8196 0 2 16-17-14
535.769 53 1 1 14 8 360 1 4301,4797,6709 0 5 14-17-19-18-11-8
536.031 53 1 1 15 8 360 1 3392,5580,6039 0 6 15-16-17-19-18-11-8
536.23 53 1 1 10 16 360 1 4340,5106,7374 0 5 10-11-18-19-17-16
537.858 53 1 1 14 10 360 1 539,6357,7429 1 3 14-8-11-10
539.725 53 1 1 2 4 360 1 2332,7109,7133 0 1 2-4
539.797 53 1 2 9 11 12 10 8418,8471 8365 2 9-10-11
540.078 54 1 1 5 16 360 1 1439,4269,4765 1 7 5-4-10-11-18-19-17-16
540.124 54 1 1 15 17 360 1 2408,6723,8025 0 2 15-16-17
540.38 54 1 2 4 18 42 10 2661,4359 2607 3 4-10-11-18
540.891 54 1 1 6 7 360 1 3072,3334,5405 0 2 6-3-7
541.587 54 1 1 11 2 360 1 1999,4849,6726 1 3 11-8-7-2
542.15 54 1 1 19 10 360 1 2954,3939,5057 0 3 19-18-11-10
542.484 54 1 1 3 4 360 1 1170,2385,6014 0 1 3-4
542.505 54 1 1 3 18 360 1 4176,5054,6232 0 4 3-4-10-11-18
545.077 54 1 1 18 7 360 1 1322,3945,6705 1 3 18-11-8-7
545.766 54 1 1 8 13 360 1 4591,5132,8241 0 3 8-14-12-13
546.764 54 1 1 9 5 360 1 980,4420,7303 0 3 9-10-4-5
549.275 54 1 1 5 19 360 1 3440,7543,8191 0 5 5-4-10-11-18-19
550.896 55 1 1 3 15 360 1 1001,5833,7000 1 8 3-4-10-11-18-19-17-16-15
552.796 55 1 1 8 14 360 1 1422,2840,3128 0 5 8-11-18-19-17-14
553.309 55 1 2 17 6 18 10 3372,5076 3317 5 17-14-8-7-3-6
553.756 55 1 2 3 13 48 10 482,8292 435 5 3-7-8-14-12-13
553.834 55 1 1 16 8 360 1 283,1204,3629 0 5 16-17-19-18-11-8
553.901 55 1 1 14 5 360 1 544,1399,3408 2 7 14-17-19-18-11-10-4-5
554.46 55 1 1 10 9 360 1 2988,6602,8058 0 1 10-9
554.509 55 1 1 5 4 360 1 4028,6982,7071 0 1 5-4
554.755 55 1 2 15 2 342 10 3934,5885 3879 8 15-16-17-19-18-11-8-7-2
555.147 55 1 1 18 5 360 1 5924,6043,6047 0 4 18-11-10-4-5
555.459 55 1 1 5 9 360 1 512,4422,6899 0 4 5-4-3-7-9
556.271 55 1 1 8 13 360 1 253,1854,5029 0 7 8-11-18-19-17-16-15-13
557.185 55 1 1 18 6 360 1 1637,6271,6826 1 7 18-19-17-14-8-7-3-6
560.593 56 1 2 7 14 96 10 1743,6857 1719 10 7-9-10-11-18-19-17-16-15-12-14
561.165 56 1 1 11 1 360 1 210,3509,4561 1 4 11-10-9-7-1
561.943 56 1 2 14 2 12 10 851,2244 795 7 14-17-19-18-11-10-4-2
564.846 56 1 1 18 6 360 1 595,5396,7442 1 4 18-11-10-4-6
566.691 56 1 1 3 11 360 1 5396,6901,7504 0 3 3-7-8-11
567.375 56 1 1 4 5 360 1 242,5049,6270 0 1 4-5
568.266 56 1 2 14 19 12 10 1366,7233 1480 4 14-8-11-18-19
571.333 57 1 1 5 2 360 1 1072,3610,6055 0 2 5-4-2
572.498 57 1 1 12 4 360 1 1268,2927,6439 1 7 12-14-17-19-18-11-10-4
572.672 57 1 1 6 12 360 1 5290,6742,6806 0 5 6-3-7-8-14-12
572.953 57 1 1 11 16 360 1 2877,5688,7769 1 4 11-18-19-17-16
573.252 57 1 2 3 16 66 10 2625,4391 2568 8 3-7-9-10-11-8-14-17-16
573.594 57 1 1 16 9 360 1 5873,6580,7770 0 6 16-17-19-18-11-10-9
575.596 57 1 2 4 3 30 10 74,470 17 1 4-3
576.328 57 1 1 13 15 360 1 696,1258,7915 0 1 13-15
577.798 57 1 2 17 8 12 10 665,8658 608 2 17-14-8
578.421 57 1 1 12 13 360 1 5900,6974,8082 0 1 12-13
578.989 57 1 2 16 14 12 10 3151,7946 3094 2 16-17-14
579.842 57 1 2 3 19 12 10 1800,5827 1760 5 3-7-8-11-18-19
580.269 58 1 2 12 10 60 10 5777,7513 5719 4 12-14-8-11-10
580.91 58 1 1 17 12 360 1 1286,4338,5325 0 2 17-14-12
581.228 58 1 1 19 11 360 1 1635,2941,4545 1 2 19-18-11
582.891 58 1 1 19 13 360 1 3700,3725,7428 0 4 19-17-16-15-13
586.566 58 0 1 5 14 360 1 558,632,2023 -1 -1 
588.626 58 1 1 4 9 360 1 827,2526,7973 0 3 4-2-7-9
588.87 58 1 1 12 1 360 1 1441,2281,4902 1 9 12-14-17-19-18-11-10-4-3-1
589.179 58 1 2 18 15 18 10 7655,8281 7597 4 18-19-17-16-15
591.457 59 1 1 2 3 360 1 1560,1791,2523 0 2 2-7-3
593.231 59 1 1 2 8 360 1 1355,1828,4341 2 2 2-7-8
593.793 59 1 1 18 13 360 1 1779,3354,6089 1 5 18-19-17-16-15-13
594.103 59 1 1 18 13 360 1 2011,5027,5478 0 5 18-19-17-16-15-13
594.875 59 1 1 13 18 360 1 156,1109,1212 0 5 13-15-16-17-19-18
595.358 59 1 2 19 9 126 10 216,3233 1489 8 19-18-11-8-7-3-4-10-9
595.562 59 1 1 19 1 360 1 1226,2055,4211 2 5 19-18-11-8-7-1
596.183 59 1 1 6 12 360 1 621,3344,4441 1 8 6-4-10-11-18-19-17-14-12
596.228 59 1 1 11 3 360 1 523,1935,5479 2 3 11-8-7-3
596.497 59 1 1 13 14 360 1 2945,3963,4224 0 2 13-12-14
597.28 59 1 1 5 6 360 1 1102,2345,3628 0 2 5-4-6
599.371 59 1 1 16 8 360 1 960,1166,5486 2 3 16-17-14-8
601.742 60 1 1 14 13 360 1 1161,1505,7800 0 4 14-17-16-15-13
602.103 60 1 1 16 9 360 1 3720,3960,4992 0 6 16-17-19-18-11-10-9
602.45 60 1 1 18 1 360 1 1563,2604,6005 2 5 18-11-10-9-7-1
606.91 60 1 1 4 2 360 1 3810,4883,5656 0 1 4-2
606.986 60 1 1 10 15 360 1 1386,5305,5746 1 6 10-9-7-8-14-12-15
607.238 60 1 1 8 11 360 1 281,2988,5401 0 1 8-11
607.25 60 1 1 6 16 360 1 1586,3791,4556 1 9 6-3-7-9-10-11-18-19-17-16
607.543 60 1 2 8 6 96 10 4294,5064 4234 3 8-7-3-6
609.558 60 1 1 9 14 360 1 101,5533,7351 1 7 9-7-8-11-18-19-17-14
611.559 61 1 2 3 4 12 10 7091,8559 7030 1 3-4
614.055 61 1 1 3 7 360 1 2387,4612,6087 0 2 3-1-7
615.66 61 0 2 7 13 300 10 1245,3378 -1 -1 
616.287 61 1 1 15 11 360 1 752,3706,4144 1 4 15-12-14-8-11
616.862 61 0 1 2 16 360 1 161,382,2744 -1 -1 
617.492 61 0 1 3 19 360 1 152,3381,4865 -1 -1 
619.677 61 1 1 8 10 360 1 4538,5294,5691 0 2 8-11-10
621.083 62 1 2 12 19 30 10 576,4027 514 3 12-14-17-19
621.779 62 1 1 2 5 360 1 3572,7452,7456 0 2 2-4-5
624.593 62 1 1 9 7 360 1 1167,2090,7931 0 1 9-7
624.683 62 1 1 6 18 360 1 3865,4487,6489 0 4 6-4-10-11-18
625.572 62 1 1 4 12 360 1 1152,6575,7611 1 5 4-3-7-8-14-12
625.89 62 1 1 7 17 360 1 223,1094,5592 2 3 7-8-14-17
626.565 62 1 1 1 2 360 1 817,2316,4967 0 1 1-2
627.118 62 1 1 10 7 360 1 408,1259,5206 0 2 10-9-7
627.673 62 1 2 12 17 12 10 2205,5233 2143 2 12-14-17
628.476 62 1 1 15 2 360 1 1026,4471,5058 1 6 15-16-17-14-8-7-2
630.761 63 1 1 3 14 360 1 2112,3382,4498 0 7 3-4-10-11-18-19-17-14
633.842 63 1 1 10 7 360 1 1444,2421,3229 2 2 10-9-7
634.733 63 1 2 6 13 90 10 3108,7996 3078 6 6-3-7-8-14-12-13
635.232 63 1 1 12 11 360 1 3430,4287,6378 2 3 12-14-8-11
637.712 63 1 1 11 13 360 1 2239,5576,7761 0 6 11-18-19-17-16-15-13
638.03 63 1 2 9 19 18 10 636,8444 573 4 9-10-11-18-19
639.886 63 1 1 17 10 360 1 633,5990,7777 1 4 17-19-18-11-10
640.434 64 1 1 9 11 360 1 562,3183,7328 1 2 9-10-11
641.151 64 1 1 17 9 360 1 71,425,5544 2 6 17-19-18-11-8-7-9
643.166 64 1 2 4 11 60 10 2792,5476 2728 4 4-3-7-8-11
643.52 64 1 2 1 2 246 10 4304,5989 4240 1 1-2
643.654 64 0 1 7 19 360 1 213,1254,3491 -1 -1 
643.859 64 1 1 1 17 360 1 85,2609,4026 2 4 1-7-8-14-17
643.952 64 1 1 3 13 360 1 1271,3304,4523 2 8 3-1-7-8-14-17-16-15-13
644.967 64 1 1 15 10 360 1 2419,6019,7669 1 5 15-12-14-8-11-10
645.791 64 1 1 3 8 360 1 2593,8070,8137 1 2 3-7-8
648.981 64 1 2 12 8 54 10 5751,7854 5687 2 12-14-8
649.101 64 1 2 9 1 12 10 2292,7670 2228 2 9-7-1
649.147 64 0 1 9 15 360 1 1257,4167,4258 -1 -1 
651.137 65 1 1 15 6 360 1 1668,5293,6280 2 6 15-12-14-8-7-3-6
651.461 65 1 2 13 12 186 10 5261,6214 5196 1 13-12
652.91 65 1 1 11 16 360 1 2195,4297,7155 2 4 11-18-19-17-16
656.188 65 1 2 6 15 36 10 1209,8345 1258 6 6-3-7-8-14-12-15
656.278 65 1 1 19 13 360 1 3118,4721,7006 0 4 19-17-16-15-13
656.783 65 1 1 10 11 360 1 2329,3432,8280 1 1 10-11
657.664 65 1 1 13 14 360 1 1023,1314,8257 0 4 13-15-16-17-14
658.333 65 1 1 18 13 360 1 3939,4002,4403 0 5 18-19-17-16-15-13
660.319 66 0 1 1 17 360 1 1523,2169,4281 -1 -1 
661.233 66 1 1 9 15 360 1 1924,4388,7829 1 7 9-10-11-18-19-17-16-15
661.442 66 1 1 2 9 360 1 632,4987,6858 0 2 2-7-9
663.142 66 1 1 3 13 360 1 5267,5394,8064 2 5 3-7-8-14-12-13
663.453 66 1 2 12 16 162 10 2607,8376 2541 2 12-15-16
664.142 66 1 2 10 1 150 10 3073,5326 3007 3 10-4-3-1
664.232 66 1 2 2 6 42 10 1975,4146 1909 2 2-4-6
667.514 66 1 1 16 15 360 1 1882,5655,5917 0 1 16-15
668.544 66 1 1 11 3 360 1 1739,1977,4477 2 3 11-10-4-3
669.602 66 1 2 18 16 174 10 502,8226 1482 3 18-19-17-16
670.3 67 1 1 3 13 360 1 3611,3917,6719 1 7 3-4-10-11-8-14-12-13
673.05 67 0 1 14 2 360 1 1469,2199,3632 -1 -1 
673.313 67 1 1 5 6 360 1 3121,5997,6734 0 2 5-4-6
673.537 67 1 1 19 4 360 1 689,7765,8319 1 4 19-18-11-10-4
673.885 67 1 1 9 15 360 1 1002,3462,7906 2 5 9-7-8-14-12-15
675.169 67 1 1 7 15 360 1 129,6742,7844 1 4 7-8-14-12-15
676.757 67 1 2 1 15 18 10 6869,6933 6802 5 1-7-8-14-12-15
677.799 67 1 1 4 7 360 1 2823,6550,7060 0 2 4-3-7
678.189 67 1 1 16 6 360 1 1146,6180,6369 1 6 16-17-14-8-7-3-6
680.234 68 1 1 15 4 360 1 4261,5340,7151 2 6 15-12-14-8-7-3-4
680.743 68 1 2 19 4 84 10 1816,5926 1761 6 19-18-11-8-7-3-4
681.081 68 0 1 7 17 360 1 1281,2483,5392 -1 -1 
683.414 68 1 2 19 10 24 10 252,994 184 3 19-18-11-10
683.712 68 1 2 17 14 30 10 284,1585 216 1 17-14
686.953 68 1 1 19 1 360 1 3475,6521,8242 2 5 19-17-14-8-7-1
688.291 68 1 2 14 5 12 10 2711,8093 2643 5 14-8-7-3-4-5
689.036 68 1 1 3 6 360 1 877,4266,4428 0 2 3-4-6
690.556 69 1 2 1 11 48 10 840,7285 771 4 1-7-9-10-11
690.877 69 1 2 6 2 12 10 7402,8196 7333 2 6-4-2
691.103 69 1 1 16 17 360 1 919,6131,6860 0 1 16-17
691.553 69 1 1 9 2 360 1 1668,2405,2599 0 2 9-7-2
692.315 69 1 1 8 1 360 1 4123,5445,6136 0 2 8-7-1
694.404 69 1 2 1 10 336 10 5633,6957 5564 3 1-7-9-10
697.049 69 1 2 19 1 12 10 4495,4773 4426 5 19-17-14-8-7-1
697.579 69 1 1 5 19 360 1 2823,2954,7291 1 5 5-4-10-11-18-19
698.074 69 1 1 14 1 360 1 4380,4756,7550 1 3 14-8-7-1
699.811 69 1 1 5 9 360 1 827,1329,7722 0 4 5-4-2-7-9
700.886 70 1 1 15 14 360 1 1929,3107,5170 1 2 15-12-14
702.181 70 1 2 2 5 96 10 1581,6529 1511 2 2-4-5
702.502 70 1 1 7 9 360 1 1198,3875,4700 0 1 7-9
705.161 70 1 1 13 4 360 1 2652,3347,8097 2 6 13-12-14-8-11-10-4
705.953 70 1 2 14 13 306 10 1657,2831 1948 4 14-17-16-15-13
707.866 70 0 1 19 9 360 1 2007,3661,3913 -1 -1 
708.589 70 1 1 6 8 360 1 1859,5687,8288 1 4 6-4-10-11-8
708.997 70 1 2 11 19 162 10 2010,7447 1940 2 11-18-19
709.173 70 1 1 6 11 360 1 3263,4318,6486 0 3 6-4-10-11
711.229 71 1 1 18 6 360 1 1635,4841,8062 2 4 18-11-10-4-6
711.445 71 1 1 15 19 360 1 207,2100,3096 0 3 15-16-17-19
712.311 71 1 1 2 1 360 1 704,7906,8149 0 1 2-1
714.157 71 1 2 15 16 222 10 271,1916 200 1 15-16
717.787 71 1 1 3 8 360 1 1107,2659,4157 2 4 3-4-10-11-8
719.688 71 1 2 8 3 282 10 4766,7435 4695 3 8-7-1-3
721.045 72 1 1 12 15 360 1 351,362,2732 0 1 12-15
724.731 72 1 1 7 12 360 1 1932,2949,5254 1 7 7-8-11-18-19-17-14-12
724.982 72 1 2 11 9 24 10 3601,5245 3529 2 11-10-9
725.677 72 1 1 18 8 360 1 183,5041,7845 2 2 18-11-8
725.827 72 0 1 10 17 360 1 539,1667,6777 -1 -1 
726.172 72 1 2 15 11 18 10 173,7566 115 4 15-12-14-8-11
728.226 72 1 2 4 2 24 10 820,6988 748 1 4-2
728.891 72 1 1 1 14 360 1 754,4039,8043 1 6 1-7-9-10-11-8-14
729.058 72 1 2 6 5 18 10 2075,8428 2003 2 6-4-5
730.293 73 1 2 5 13 12 10 1392,7608 1319 7 5-4-3-7-8-14-12-13
731.469 73 1 1 7 13 360 1 2089,2383,8301 2 4 7-8-14-12-13
733.769 73 1 1 1 2 360 1 4114,6831,7651 0 1 1-2
734.27 73 1 1 2 7 360 1 1636,2756,8325 0 1 2-7
734.846 73 1 2 19 18 42 10 549,1936 477 1 19-18
735.53 73 1 2 5 12 12 10 3268,6536 3195 6 5-4-10-11-8-14-12
735.573 73 1 1 12 11 360 1 3682,6445,6446 1 3 12-14-8-11
735.588 73 1 1 10 6 360 1 258,3151,8111 0 4 10-9-7-3-6
736.251 73 1 1 14 4 360 1 279,2538,7290 2 4 14-8-7-3-4
737.795 73 1 2 4 16 84 10 893,6867 862 7 4-3-7-8-14-12-15-16
738.194 73 1 1 18 15 360 1 3493,5617,7691 1 4 18-19-17-16-15
738.349 73 1 2 10 7 42 10 2699,4404 2626 2 10-9-7
738.952 73 1 1 4 10 360 1 1861,3587,6138 0 1 4-10
740.457 74 1 1 10 2 360 1 2018,5290,7405 0 2 10-4-2
741.995 74 1 2 7 14 204 10 2027,3633 2050 2 7-8-14
742.933 74 1 1 8 4 360 1 2900,6950,7119 0 3 8-11-10-4
744.309 74 1 2 9 11 60 10 268,510 202 2 9-10-11
744.444 74 1 1 13 1 360 1 4583,4693,5438 0 8 13-12-14-8-11-10-9-7-1
746.124 74 1 1 3 14 360 1 3958,6143,7798 1 3 3-7-8-14
746.167 74 1 1 13 16 360 1 5380,6234,6933 0 2 13-15-16
746.791 74 1 2 8 14 186 10 2086,8015 2348 1 8-14
748.134 74 1 1 3 10 360 1 2263,4349,7280 0 2 3-4-10
749.004 74 1 1 13 15 360 1 1473,2237,7840 0 1 13-15
749.53 74 1 1 11 6 360 1 3067,4415,5279 0 3 11-10-4-6
750.644 75 1 2 7 10 120 10 5681,7880 5606 2 7-9-10
751.443 75 1 2 7 5 96 10 2364,8203 2289 3 7-2-4-5
752.183 75 1 2 2 3 120 10 137,8015 62 2 2-7-3
754.325 75 1 2 11 10 12 10 3831,4933 3756 1 11-10
754.603 75 1 1 13 3 360 1 1365,4555,7906 1 9 13-15-16-17-19-18-11-10-4-3
755.025 75 1 1 5 12 360 1 3125,3213,7858 0 8 5-4-10-11-18-19-17-14-12
755.212 75 0 1 9 13 360 1 1220,2174,5726 -1 -1 
756.28 75 1 1 12 14 360 1 4413,5291,7671 1 1 12-14
756.312 75 1 2 6 9 270 10 6357,6376 6282 3 6-4-10-9
756.417 75 1 1 15 14 360 1 1123,4712,5297 0 3 15-16-17-14
757.564 75 1 1 7 10 360 1 1227,2741,4824 1 2 7-9-10
758.455 75 1 2 5 13 54 10 7785,8340 7710 7 5-4-10-11-8-14-12-13
759.586 75 1 1 3 8 360 1 2199,3374,5744 2 4 3-4-10-11-8
760.3 76 1 1 19 15 360 1 823,5811,6479 0 3 19-17-16-15
760.617 76 1 1 10 12 360 1 3093,3437,4682 0 9 10-9-7-8-11-18-19-17-14-12
760.736 76 1 1 10 13 360 1 3059,6386,6390 1 5 10-11-8-14-12-13
761.311 76 1 2 13 5 24 10 2244,2483 2252 7 13-12-14-8-7-3-4-5
761.513 76 1 1 5 4 360 1 3658,4127,4585 0 1 5-4
762.193 76 1 1 7 13 360 1 3990,4209,6184 0 7 7-9-10-11-8-14-12-13
762.528 76 1 1 3 10 360 1 2488,4627,7770 1 2 3-4-10
762.939 76 1 1 15 19 360 1 240,785,1754 1 3 15-16-17-19
764.075 76 1 1 18 6 360 1 4646,5186,8227 0 4 18-11-10-4-6
765.707 76 1 2 11 3 12 10 3705,6232 3629 3 11-8-7-3
766.09 76 1 1 1 5 360 1 2625,6927,8116 0 3 1-3-4-5
766.169 76 1 1 13 18 360 1 544,1155,4380 1 5 13-15-16-17-19-18
767.297 76 1 1 15 18 360 1 1364,2512,7901 2 4 15-16-17-19-18
768.609 76 1 1 18 5 360 1 4158,5746,6172 1 4 18-11-10-4-5
769.737 76 1 1 17 2 360 1 233,1119,7680 2 4 17-14-8-7-2
770.335 77 1 1 13 8 360 1 3939,4828,5659 2 7 13-15-16-17-19-18-11-8
773.076 77 0 1 2 17 360 1 1805,5716,6767 -1 -1 
774.921 77 0 1 11 16 360 1 2230,2278,4841 -1 -1 
775.014 77 1 1 11 2 360 1 5735,6649,7796 1 3 11-10-4-2
775.298 77 1 1 8 13 360 1 772,4459,5679 2 7 8-11-18-19-17-16-15-13
776.414 77 0 1 1 17 360 1 437,1274,1952 -1 -1 
776.742 77 1 2 18 15 66 10 971,3264 1615 4 18-19-17-16-15
778.238 77 1 1 8 4 360 1 4294,6235,6377 0 3 8-11-10-4
778.659 77 1 1 8 13 360 1 201,5368,5860 2 7 8-11-18-19-17-16-15-13
779.561 77 1 2 10 9 114 10 1827,6362 1750 4 10-4-2-7-9
781.464 78 1 2 14 18 72 10 4418,8327 4379 3 14-8-11-18
784.359 78 0 1 17 1 360 1 1199,2496,6768 -1 -1 
786.555 78 0 2 3 16 294 10 1239,1532 -1 -1 
786.735 78 1 1 5 17 360 1 962,1595,8279 2 6 5-4-10-11-18-19-17
787.239 78 0 2 18 2 150 10 1013,2136 -1 -1 
788.545 78 1 1 1 8 360 1 3510,3660,4413 2 2 1-7-8
790.889 79 1 1 11 1 360 1 2199,4371,6042 0 4 11-10-4-3-1
793.036 79 1 2 10 3 234 10 4330,6920 4251 2 10-4-3
793.245 79 0 1 13 4 360 1 2501,3650,5752 -1 -1 
793.41 79 1 1 1 16 360 1 3976,4502,7304 2 5 1-7-8-14-17-16
796.049 79 1 1 7 1 360 1 3893,5163,6901 0 1 7-1
796.839 79 0 1 8 7 360 1 3159,3555,6552 -1 -1 
796.905 79 1 2 19 13 318 10 3187,4620 3625 4 19-17-14-12-13
799.503 79 1 2 18 6 48 10 3543,4028 3464 4 18-11-10-4-6
800.365 80 1 1 12 9 360 1 1139,2396,8324 2 4 12-14-8-7-9
802.3 80 1 1 17 1 360 1 431,5511,7909 1 6 17-19-18-11-8-7-1
802.873 80 1 1 15 13 360 1 1896,5723,7313 0 1 15-13
803.823 80 1 1 9 8 360 1 5982,7504,8023 0 3 9-10-11-8
803.966 80 1 1 18 8 360 1 6664,7350,7665 0 4 18-19-17-14-8
807.259 80 1 1 3 9 360 1 352,6768,7317 0 2 3-7-9
807.875 80 0 1 18 19 360 1 1716,3408,4939 -1 -1 
809.587 80 1 1 15 17 360 1 1901,2476,4380 0 2 15-16-17
809.831 80 1 1 15 8 360 1 1077,3390,6476 2 3 15-12-14-8
813.013 81 1 1 8 15 360 1 519,3738,8290 2 3 8-14-12-15
814.38 81 1 2 4 1 66 10 5422,7261 5341 2 4-3-1
815.709 81 1 1 15 10 360 1 1700,2890,7707 2 5 15-12-14-8-11-10
819.648 81 1 2 1 2 108 10 6459,8156 6378 1 1-2
820.311 82 1 1 19 8 360 1 1481,2262,8146 2 3 19-17-14-8
821.746 82 1 1 19 17 360 1 2981,6136,6436 0 1 19-17
822.556 82 1 2 17 4 78 10 1949,4283 2770 5 17-14-8-7-3-4
824.009 82 1 1 5 4 360 1 690,2126,6564 0 1 5-4
825.202 82 1 2 9 11 318 10 2685,8328 3759 2 9-10-11
825.208 82 0 1 15 1 360 1 3856,6732,6873 -1 -1 
826.656 82 1 1 3 1 360 1 1361,2574,5593 0 1 3-1
827.789 82 1 1 13 10 360 1 2619,3043,7691 2 5 13-12-14-8-11-10
828.284 82 1 2 6 17 90 10 4031,4839 3982 5 6-3-7-8-14-17
828.903 82 1 1 4 2 360 1 3747,5453,6614 0 1 4-2
829.416 82 1 2 1 10 240 10 1584,2679 2582 3 1-2-4-10
829.871 82 0 2 10 18 90 10 1747,1764 -1 -1 
830.499 83 1 1 19 6 360 1 3173,5035,7722 2 5 19-18-11-10-4-6
830.899 83 1 1 17 15 360 1 1566,7364,8254 1 2 17-16-15
832.93 83 1 2 14 10 12 10 759,8073 700 5 14-17-19-18-11-10
833.028 83 0 1 15 2 360 1 792,3438,3867 -1 -1 
833.261 83 1 1 3 1 360 1 3744,5500,7985 0 1 3-1
833.649 83 1 1 11 10 360 1 3231,4846,7611 0 4 11-8-7-9-10
833.744 83 1 1 7 6 360 1 2179,4379,7786 0 3 7-2-4-6
835.08 83 0 1 3 8 360 1 6546,6578,6638 -1 -1 
835.795 83 1 1 15 4 360 1 191,1392,5006 2 6 15-12-14-8-11-10-4
836.66 83 1 1 6 2 360 1 1207,4198,4340 0 2 6-4-2
838.656 83 1 1 3 1 360 1 2397,6927,8251 0 1 3-1
839.71 83 0 1 7 17 360 1 1601,1690,4393 -1 -1 
841.371 84 1 1 5 10 360 1 2688,2714,6868 2 2 5-4-10
841.554 84 1 1 17 11 360 1 958,2887,3058 2 3 17-19-18-11
842.204 84 1 1 11 16 360 1 195,4653,5238 1 4 11-18-19-17-16
843.463 84 1 1 16 15 360 1 896,4467,5449 0 1 16-15
845.69 84 1 1 4 1 360 1 633,2095,6367 0 2 4-3-1
846.467 84 1 1 15 18 360 1 104,3373,5801 2 4 15-16-17-19-18
846.997 84 1 1 4 18 360 1 3954,4566,5547 1 3 4-10-11-18
847.595 84 1 2 18 9 96 10 2860,5806 3200 3 18-11-10-9
847.796 84 1 2 19 13 168 10 792,8428 1638 4 19-17-16-15-13
849.332 84 1 1 10 4 360 1 1977,5293,7761 1 1 10-4
849.858 84 1 1 18 10 360 1 4098,4261,8298 1 5 18-11-8-7-9-10
851.574 85 1 2 12 2 102 10 4599,6695 4514 8 12-14-17-19-18-11-8-7-2
853.079 85 0 1 18 1 360 1 615,2592,6535 -1 -1 
853.838 85 1 1 17 4 360 1 2945,6208,8200 1 5 17-14-8-11-10-4
855.494 85 1 2 5 7 18 10 2226,2805 2141 3 5-4-3-7
855.54 85 1 1 7 5 360 1 2866,4315,4624 0 3 7-2-4-5
855.563 85 1 1 3 9 360 1 1661,5865,7278 1 2 3-7-9
856.655 85 1 2 1 5 126 10 1300,2109 1215 3 1-3-4-5
857.549 85 1 1 11 17 360 1 1878,5262,7833 0 3 11-18-19-17
858.309 85 1 1 4 8 360 1 6262,6995,7814 0 3 4-10-11-8
858.771 85 0 1 9 8 360 1 1732,3068,4192 -1 -1 
859.792 85 1 1 10 1 360 1 246,904,7443 0 3 10-9-7-1
861.412 86 1 1 18 19 360 1 293,1217,2148 2 1 18-19
861.743 86 0 1 17 11 360 1 2135,3225,3253 -1 -1 
863.007 86 1 2 12 3 48 10 3747,4453 3667 4 12-14-8-7-3
864.895 86 0 1 19 6 360 1 1047,3046,5061 -1 -1 
866.204 86 1 1 5 14 360 1 1769,5180,8207 2 5 5-4-10-11-8-14
866.598 86 1 1 17 6 360 1 953,2130,6908 2 5 17-14-8-7-3-6
867.206 86 1 2 1 5 30 10 928,3885 842 3 1-3-4-5
867.506 86 1 2 16 5 42 10 3392,5669 3362 7 16-17-14-8-7-3-4-5
869.504 86 1 1 1 13 360 1 2205,7004,8032 1 5 1-7-8-14-12-13
869.687 86 0 1 2 19 360 1 3381,5042,5130 -1 -1 
872.45 87 1 1 2 10 360 1 1184,3198,5359 0 3 2-7-9-10
873.955 87 1 2 5 4 324 10 2343,7824 2256 1 5-4
875.021 87 1 1 11 5 360 1 1434,4077,5040 2 3 11-10-4-5
875.632 87 1 1 15 14 360 1 1057,7041,7983 0 3 15-16-17-14
875.939 87 1 2 2 16 12 10 3163,7564 3076 5 2-7-8-14-17-16
876.003 87 1 1 7 17 360 1 3515,7137,7776 1 3 7-8-14-17
876.097 87 1 1 1 19 360 1 3044,3355,6453 2 5 1-7-8-11-18-19
876.951 87 1 2 1 13 30 10 7586,8208 7499 5 1-7-8-14-12-13
877.648 87 1 1 8 5 360 1 1033,2987,3061 0 7 8-11-10-9-7-2-4-5
880.436 88 1 2 5 9 18 10 6369,8224 6281 3 5-4-10-9
882.361 88 1 1 7 6 360 1 244,4858,8025 0 2 7-3-6
883.997 88 1 1 1 2 360 1 1028,1959,7290 0 1 1-2
884.1 88 1 1 18 17 360 1 1965,4123,7406 2 2 18-19-17
885.986 88 1 1 16 13 360 1 744,1047,4686 0 2 16-15-13
886.435 88 1 2 9 7 126 10 3891,7737 3803 1 9-7
887.305 88 1 1 19 3 360 1 2875,5760,7232 2 5 19-17-14-8-7-3
891.371 89 1 2 18 15 264 10 1057,8213 3991 4 18-19-17-16-15
895.039 89 0 1 1 19 360 1 96,3691,4036 -1 -1 
895.685 89 1 1 17 11 360 1 6113,7775,8202 0 3 17-14-8-11
895.91 89 1 1 1 16 360 1 620,3500,7105 2 5 1-7-8-14-17-16
895.953 89 0 2 16 2 348 10 1364,4444 -1 -1 
896.078 89 1 2 1 5 78 10 921,7331 846 3 1-2-4-5
896.521 89 1 1 5 10 360 1 179,3816,5954 0 5 5-4-3-7-9-10
896.976 89 1 1 1 6 360 1 1240,2280,4456 0 2 1-3-6
898.436 89 1 1 6 10 360 1 3751,6605,6875 0 4 6-3-7-9-10
900.616 90 1 2 11 2 12 10 3322,4199 3232 3 11-8-7-2
901.074 90 1 1 6 19 360 1 455,3739,7814 2 5 6-4-10-11-18-19
901.363 90 0 1 7 15 360 1 589,2831,3914 -1 -1 
902.614 90 1 1 9 10 360 1 854,3276,4888 0 1 9-10
904.046 90 1 1 18 16 360 1 446,3060,3852 1 6 18-19-17-14-12-15-16
904.048 90 0 1 14 5 360 1 2162,2312,3588 -1 -1 
904.176 90 1 1 2 8 360 1 1809,1859,6427 2 2 2-7-8
904.34 90 1 1 12 16 360 1 159,2517,4487 0 3 12-13-15-16
905.275 90 1 1 6 8 360 1 2267,3250,7980 2 3 6-3-7-8
905.699 90 1 1 4 7 360 1 1259,2246,5411 0 2 4-2-7
909.419 90 1 2 2 5 72 10 338,3392 248 2 2-4-5
909.673 90 1 1 1 11 360 1 378,425,5146 2 3 1-7-8-11
911.85 91 1 1 7 9 360 1 2340,4208,5308 1 1 7-9
912.302 91 1 1 11 3 360 1 4894,4966,5535 0 3 11-10-4-3
912.894 91 1 1 12 5 360 1 2356,3659,8367 2 6 12-14-8-11-10-4-5
913.86 91 1 1 6 1 360 1 2424,4774,4906 0 2 6-3-1
914.655 91 0 1 12 10 360 1 219,2742,4366 -1 -1 
915.346 91 1 1 6 4 360 1 4520,7194,8256 0 1 6-4
915.438 91 0 1 19 7 360 1 456,2591,4418 -1 -1 
915.843 91 1 1 3 11 360 1 6098,6590,8086 0 3 3-7-8-11
916.361 91 1 1 11 19 360 1 420,2625,6940 2 7 11-10-9-7-8-14-17-19
916.839 91 1 1 19 13 360 1 3044,4433,7591 2 4 19-17-16-15-13
916.909 91 1 2 14 13 360 10 2670,2942 2579 2 14-12-13
917.117 91 0 1 2 8 360 1 1853,2517,3038 -1 -1 
917.541 91 0 1 8 15 360 1 184,2579,4496 -1 -1 
918.172 91 1 1 4 18 360 1 3910,6498,7069 1 3 4-10-11-18
918.271 91 1 2 10 11 138 10 4241,6589 4216 4 10-9-7-8-11
918.622 91 0 1 1 19 360 1 1683,3536,3920 -1 -1 
919.1 91 0 1 17 10 360 1 1219,2431,5968 -1 -1 
921.068 92 0 1 3 16 360 1 908,3341,4175 -1 -1 
921.17 92 1 2 7 2 198 10 282,1429 190 2 7-1-2
921.829 92 1 1 5 7 360 1 1014,3172,6221 1 3 5-4-3-7
924.443 92 1 1 18 14 360 1 856,5318,5963 2 3 18-19-17-14
925.103 92 1 1 1 10 360 1 3590,4774,5526 0 3 1-7-9-10
925.514 92 1 1 9 3 360 1 1487,6467,7993 1 2 9-7-3
927.183 92 0 2 17 1 150 10 223,2216 -1 -1 
927.332 92 1 2 14 12 36 10 7120,8556 7028 1 14-12
928.834 92 1 2 1 12 18 10 1631,6281 1599 4 1-7-8-14-12
929.312 92 1 1 19 14 360 1 2144,2523,4659 2 2 19-17-14
929.499 92 1 1 5 6 360 1 4795,4985,6286 0 2 5-4-6
929.805 92 1 1 17 12 360 1 5247,5656,6425 0 2 17-14-12
930.297 93 1 2 1 4 36 10 1248,6592 1155 2 1-3-4
930.966 93 1 1 8 19 360 1 785,7886,7956 1 3 8-11-18-19
931.316 93 1 1 4 6 360 1 3468,4513,7114 0 1 4-6
931.669 93 1 1 7 5 360 1 637,1672,1762 1 3 7-3-4-5
932.156 93 1 1 7 12 360 1 133,305,8101 2 3 7-8-14-12
933.335 93 1 2 7 13 30 10 1088,6469 995 4 7-8-14-12-13
933.869 93 1 1 19 7 360 1 3674,5857,8358 2 4 19-17-14-8-7
934.443 93 0 1 7 8 360 1 353,1240,3385 -1 -1 
936.005 93 1 2 1 15 204 10 2218,6824 4525 9 1-7-9-10-11-18-19-17-16-15
936.276 93 0 1 14 2 360 1 371,2530,5557 -1 -1 
936.414 93 1 1 18 16 360 1 1579,3804,4796 1 3 18-19-17-16
937.098 93 1 1 9 12 360 1 1019,4159,7243 2 4 9-7-8-14-12
937.268 93 0 1 12 1 360 1 457,1311,4610 -1 -1 
937.278 93 1 2 7 18 12 10 3359,6608 3266 3 7-8-11-18
937.667 93 0 1 2 14 360 1 132,1838,3078 -1 -1 
937.945 93 0 1 3 15 360 1 4037,4125,6718 -1 -1 
938.468 93 0 1 2 13 360 1 4105,4172,5757 -1 -1 
941.435 94 0 1 8 7 360 1 826,1313,2481 -1 -1 
941.759 94 1 1 12 13 360 1 1673,4044,6745 0 1 12-13
943.242 94 1 2 13 19 114 10 2734,6023 2640 4 13-15-16-17-19
944.539 94 1 2 3 12 30 10 5779,7901 5743 4 3-7-8-14-12
946.214 94 0 1 19 15 360 1 1866,2635,5275 -1 -1 
950.691 95 1 2 11 2 186 10 2761,5152 3653 3 11-8-7-2
950.803 95 0 1 11 2 360 1 1747,3036,4536 -1 -1 
951.373 95 1 2 9 7 180 10 3301,7289 3206 1 9-7
953.731 95 1 1 7 1 360 1 252,7855,7915 0 1 7-1
954.333 95 0 1 4 16 360 1 1986,4634,5605 -1 -1 
955.927 95 1 1 4 9 360 1 7147,8090,8149 0 3 4-3-7-9
956.624 95 1 1 9 6 360 1 2377,3096,3811 1 3 9-10-4-6
959.138 95 0 1 19 11 360 1 3110,3313,5327 -1 -1 
959.24 95 1 1 19 18 360 1 5795,6377,8044 0 1 19-18
959.479 95 1 2 11 6 18 10 4771,5926 4676 3 11-10-4-6
959.688 95 0 1 15 6 360 1 2531,3696,3897 -1 -1 
962.071 96 1 1 5 6 360 1 1489,2689,2840 0 2 5-4-6
962.417 96 0 1 18 15 360 1 1066,1777,4151 -1 -1 
963.711 96 1 1 7 2 360 1 879,4608,6717 0 1 7-2
964.528 96 1 1 10 3 360 1 5859,5919,6616 0 2 10-4-3
966.494 96 1 1 2 18 360 1 722,3936,6693 0 4 2-7-8-11-18
967.655 96 1 1 3 15 360 1 4952,6534,7795 0 5 3-7-8-14-12-15
968.38 96 1 2 16 13 276 10 1817,7141 1775 2 16-15-13
970.418 97 1 1 14 17 360 1 262,1111,7287 1 1 14-17
970.969 97 1 2 3 8 72 10 1394,1671 1320 4 3-4-10-11-8
971.044 97 1 1 13 7 360 1 4647,5808,7747 2 4 13-12-14-8-7
972.629 97 1 1 15 18 360 1 427,1785,8230 2 4 15-16-17-19-18
972.704 97 1 1 9 5 360 1 1481,1572,3601 2 4 9-7-3-4-5
973.065 97 1 1 16 9 360 1 3866,6397,7684 2 5 16-17-14-8-7-9
974.99 97 1 1 15 18 360 1 531,6273,7467 1 4 15-16-17-19-18
976.108 97 0 1 5 12 360 1 3760,3997,5453 -1 -1 
978.535 97 1 1 17 13 360 1 1006,3224,6023 1 3 17-16-15-13
978.699 97 0 1 2 14 360 1 4315,6266,6354 -1 -1 
978.879 97 1 2 9 16 18 10 3840,5398 3743 5 9-7-8-14-17-16
979.013 97 1 1 5 8 360 1 968,4302,4758 2 4 5-4-10-11-8
979.679 97 1 1 9 19 360 1 4860,6555,8270 2 4 9-10-11-18-19
979.862 97 1 1 9 14 360 1 5396,6533,8308 2 3 9-7-8-14
980.012 98 1 1 12 1 360 1 2696,6042,6947 2 4 12-14-8-7-1
980.331 98 1 1 8 15 360 1 1415,6212,6963 2 3 8-14-12-15
982.815 98 0 1 5 11 360 1 3659,4055,4570 -1 -1 
982.924 98 1 2 19 15 126 10 701,5570 1448 3 19-17-16-15
984.091 98 1 1 4 13 360 1 1457,6117,6413 2 8 4-10-11-18-19-17-16-15-13
989.212 98 1 2 10 11 12 10 5749,8324 5651 1 10-11
989.455 98 1 2 6 3 48 10 5630,8598 5532 1 6-3
989.603 98 1 2 11 13 24 10 5463,5888 5388 6 11-18-19-17-16-15-13
989.644 98 1 1 3 18 360 1 714,3875,7236 2 4 3-7-8-11-18
990.736 99 0 1 16 6 360 1 3319,4223,6344 -1 -1 
990.836 99 1 1 1 9 360 1 3647,6405,8178 0 2 1-7-9
990.909 99 1 2 9 1 42 10 440,6782 341 2 9-7-1
991.306 99 1 1 17 1 360 1 3091,4181,7652 2 4 17-14-8-7-1
994.737 99 1 1 10 7 360 1 5995,7011,7806 0 2 10-9-7
995.508 99 1 1 15 16 360 1 2054,3550,6600 1 1 15-16
997.275 99 1 1 8 13 360 1 1906,3809,6517 2 3 8-14-12-13
998.339 99 1 1 10 8 360 1 3566,4094,8020 2 2 10-11-8
998.796 99 0 1 2 11 360 1 1762,3911,4583 -1 -1 
999.312 99 1 1 9 15 360 1 3739,7198,7834 1 5 9-7-8-14-12-15
999.609 99 1 2 5 10 54 10 7184,8019 7085 2 5-4-10
1000.5 100 1 2 7 18 12 10 239,2829 139 5 7-8-14-17-19-18
