Arr_rate Arr_Time  arr_TS  is_acc  is_USST src  dest  dur  rate  ARopt  selectedOp  pathLen  path
0.00114988 0 1 1 2 1 1 1 1 0 1 2-1
0.101521 0 1 1 1 2 1 1 1 0 1 1-2
0.120563 0 0 1 2 1 1 1 1 -1 -1 
0.19531 0 0 1 1 2 1 1 1 -1 -1 
0.22639 0 0 1 2 1 1 1 1 -1 -1 
0.301413 0 0 1 1 2 1 1 1 -1 -1 
0.388795 0 0 1 2 1 1 1 1 -1 -1 
0.402835 0 0 1 1 2 1 1 1 -1 -1 
0.473644 0 0 1 1 2 1 1 1 -1 -1 
0.562969 0 0 1 2 1 1 1 1 -1 -1 
0.633458 0 0 1 1 2 1 1 1 -1 -1 
0.730616 0 0 1 2 1 1 1 1 -1 -1 
1.11963 1 1 1 2 1 1 1 2 0 1 2-1
1.23043 1 1 1 1 2 1 1 2 0 1 1-2
1.29699 1 0 1 2 1 1 1 2 -1 -1 
1.63103 1 0 1 2 1 1 1 2 -1 -1 
2.00551 2 1 1 2 1 1 1 3 0 1 2-1
