Arr_rate Arr_Time  arr_TS  is_acc  is_USST src  dest  dur  rate  ARopt  selectedOp  pathLen  path
0.0270929 0 1 1 3 6 360 1 404,1722,6633 0 1 3-6
0.0337347 0 1 2 10 9 24 10 4464,6822 4464 1 10-9
0.0473217 0 1 1 13 12 360 1 175,7704,8013 0 1 13-12
0.0722853 0 1 1 4 5 360 1 5465,6188,6923 0 1 4-5
0.114981 0 1 1 15 1 360 1 2301,2385,3670 0 5 15-12-14-8-7-1
0.130188 0 1 1 2 6 360 1 19,4738,6254 0 2 2-4-6
0.132035 0 1 1 2 19 360 1 3344,4433,4709 0 5 2-4-10-11-18-19
0.147291 0 1 2 15 7 114 10 2060,3245 2060 4 15-12-14-8-7
0.17915 0 1 1 19 9 360 1 6585,7034,8085 0 4 19-18-11-10-9
0.187672 0 1 1 19 6 360 1 3059,6777,7230 0 5 19-18-11-10-4-6
0.192942 0 1 1 6 10 360 1 1866,3054,3648 0 2 6-4-10
0.206588 0 1 2 4 3 60 10 1463,3808 1463 1 4-3
0.246308 0 1 1 5 3 360 1 2439,5239,7773 0 2 5-4-3
0.252889 0 1 1 10 7 360 1 1022,2921,6700 0 2 10-9-7
0.312982 0 1 2 8 16 78 10 559,1455 559 3 8-14-17-16
0.322404 0 1 1 3 12 360 1 461,6294,7746 0 4 3-7-8-14-12
0.352246 0 1 1 5 16 360 1 1548,2516,3251 0 7 5-4-10-11-18-19-17-16
0.354194 0 1 1 11 7 360 1 3233,4625,7329 0 2 11-8-7
0.360605 0 1 2 2 10 108 10 4872,8507 4872 2 2-4-10
0.394415 0 1 2 9 2 18 10 4609,6589 4609 2 9-7-2
0.395083 0 1 1 14 1 360 1 2310,2639,5032 0 3 14-8-7-1
0.400261 0 1 1 11 5 360 1 3603,3839,6269 0 3 11-10-4-5
0.429893 0 1 2 8 6 156 10 755,7349 755 3 8-7-3-6
0.449824 0 1 1 2 7 360 1 1467,6893,7081 0 1 2-7
0.452902 0 1 2 14 6 66 10 4804,7272 4804 4 14-8-7-3-6
0.506448 0 1 2 16 11 12 10 741,1756 741 4 16-17-19-18-11
0.519477 0 1 2 4 16 192 10 5121,7297 5121 6 4-10-11-18-19-17-16
0.531935 0 1 2 14 8 12 10 4739,5353 4739 1 14-8
0.540544 0 1 1 10 16 360 1 1592,5597,5721 0 5 10-11-18-19-17-16
0.545976 0 1 2 5 8 120 10 3862,5213 3862 4 5-4-10-11-8
0.552306 0 1 1 1 5 360 1 536,4386,4820 0 3 1-3-4-5
0.552447 0 1 1 1 14 360 1 231,2246,2783 0 3 1-7-8-14
0.599473 0 1 2 17 18 12 10 1521,1839 1521 2 17-19-18
0.622882 0 1 1 15 11 360 1 3271,6139,8071 0 4 15-12-14-8-11
0.623469 0 1 1 8 12 360 1 3315,4654,5926 0 2 8-14-12
0.628009 0 1 2 4 19 294 10 471,1722 471 4 4-10-11-18-19
0.726411 0 1 1 18 14 360 1 3637,6765,7477 0 3 18-19-17-14
0.733401 0 1 1 11 2 360 1 1125,1697,7248 0 3 11-8-7-2
0.747193 0 1 1 10 19 360 1 3385,6897,7035 0 3 10-11-18-19
0.799404 0 1 2 1 4 12 10 7066,7763 7066 2 1-3-4
0.861432 0 1 1 10 19 360 1 506,2662,5274 0 3 10-11-18-19
0.898423 0 1 2 4 1 162 10 2366,3966 2366 2 4-3-1
0.899517 0 1 1 16 19 360 1 3079,4287,8187 0 2 16-17-19
0.901997 0 1 2 9 2 228 10 7644,8053 7644 2 9-7-2
0.902648 0 1 1 5 10 360 1 712,1821,7450 0 2 5-4-10
0.916346 0 1 1 15 4 360 1 1982,3212,7786 0 6 15-12-14-8-11-10-4
0.938601 0 1 1 11 8 360 1 1693,4636,5194 0 1 11-8
0.951405 0 1 1 1 13 360 1 1216,4807,6610 0 5 1-7-8-14-12-13
0.958591 0 1 1 3 5 360 1 1971,3830,5026 0 2 3-4-5
0.986321 0 1 2 16 14 36 10 2110,7662 2110 2 16-17-14
0.987689 0 1 1 2 18 360 1 2840,2900,4146 0 4 2-4-10-11-18
0.996896 0 1 1 17 5 360 1 588,2327,6036 0 6 17-19-18-11-10-4-5
0.999568 0 1 1 5 18 360 1 3250,4931,5583 0 4 5-4-10-11-18
1.00291 0 1 1 16 18 360 1 3655,5139,5614 0 3 16-17-19-18
1.02608 0 1 1 11 5 360 1 470,4092,8046 0 3 11-10-4-5
1.04837 0 1 2 1 2 24 10 259,2195 259 1 1-2
1.07355 0 1 1 14 13 360 1 543,1089,1931 0 2 14-12-13
1.08879 0 1 1 5 19 360 1 2017,6545,7377 0 5 5-4-10-11-18-19
1.10148 0 1 2 6 5 18 10 1301,2716 1301 2 6-4-5
1.10163 0 1 1 8 12 360 1 63,4055,6396 0 2 8-14-12
1.11432 0 1 2 14 8 18 10 1076,2351 1076 1 14-8
1.17781 0 1 1 17 13 360 1 2020,4044,4718 0 3 17-16-15-13
1.2505 0 1 1 8 5 360 1 4095,6669,7962 0 4 8-11-10-4-5
1.27487 0 1 1 14 9 360 1 1911,3234,4809 0 3 14-8-7-9
1.35085 0 1 1 13 17 360 1 1588,1890,5111 0 3 13-15-16-17
1.35331 0 1 2 5 8 12 10 3248,4688 3248 4 5-4-10-11-8
1.36588 0 1 1 6 5 360 1 2962,5131,7474 0 2 6-4-5
1.38406 0 1 1 18 10 360 1 4113,5339,6352 0 2 18-11-10
1.39014 0 1 2 9 12 228 10 2955,7325 2955 4 9-7-8-14-12
1.40183 0 1 1 19 13 360 1 404,653,3488 0 4 19-17-16-15-13
1.43289 0 1 2 8 16 180 10 917,5541 917 3 8-14-17-16
1.48603 0 1 1 3 9 360 1 727,1318,1954 0 2 3-7-9
1.49938 0 1 1 19 3 360 1 243,1224,5680 0 5 19-17-14-8-7-3
1.50135 0 1 1 4 7 360 1 1804,3205,3671 0 2 4-3-7
1.54025 0 1 1 13 5 360 1 206,547,3318 0 7 13-12-14-8-11-10-4-5
1.54302 0 1 2 18 8 126 10 948,6804 948 2 18-11-8
1.57551 0 1 2 18 11 144 10 4225,6294 4225 1 18-11
1.5807 0 1 1 3 19 360 1 4326,7454,7889 0 5 3-4-10-11-18-19
1.58676 0 1 2 6 1 30 10 4749,5871 4749 2 6-3-1
1.6047 0 1 1 1 8 360 1 890,1338,7924 0 2 1-7-8
1.63686 0 1 1 3 13 360 1 2058,4352,7347 0 5 3-7-8-14-12-13
1.69637 0 1 2 5 2 54 10 4180,5655 4180 2 5-4-2
1.72951 0 1 2 7 13 108 10 928,3232 928 4 7-8-14-12-13
1.7304 0 1 1 6 1 360 1 5155,6452,6479 0 2 6-3-1
1.73198 0 1 1 2 17 360 1 872,939,5754 0 6 2-4-10-11-18-19-17
1.80342 0 1 1 12 13 360 1 649,4043,4878 0 1 12-13
1.84388 0 1 1 17 8 360 1 3605,4830,7484 0 2 17-14-8
1.85079 0 1 1 17 2 360 1 685,872,1608 0 6 17-19-18-11-8-7-2
1.8905 0 1 1 17 13 360 1 1157,6975,8215 0 3 17-16-15-13
1.91378 0 1 1 19 13 360 1 2571,2692,4326 0 4 19-17-16-15-13
1.93127 0 1 1 14 6 360 1 99,6746,7573 0 4 14-8-7-3-6
1.93469 0 1 1 4 3 360 1 2342,5144,5715 0 1 4-3
1.9637 0 1 1 9 5 360 1 3756,5628,8111 0 3 9-10-4-5
1.98143 0 1 2 9 13 60 10 123,5953 123 5 9-7-8-14-12-13
2.01154 0 1 1 7 10 360 1 6245,6470,7825 0 2 7-9-10
2.02697 0 1 1 7 2 360 1 2489,5442,6339 0 1 7-2
2.03169 0 1 1 13 2 360 1 1182,2653,4942 0 5 13-12-14-8-7-2
2.04698 0 1 2 4 16 126 10 587,1765 587 6 4-10-11-18-19-17-16
2.08366 0 1 1 13 12 360 1 902,4069,6410 0 1 13-12
2.12522 0 1 1 13 4 360 1 2806,5445,6571 0 6 13-12-14-8-11-10-4
2.13028 0 1 1 9 15 360 1 3320,5482,6213 0 5 9-7-8-14-12-15
2.14407 0 1 2 6 19 36 10 2398,5267 2398 5 6-4-10-11-18-19
2.20677 0 1 1 5 10 360 1 1389,2669,5464 0 2 5-4-10
2.22196 0 1 1 8 12 360 1 1381,2661,4491 0 2 8-14-12
2.22902 0 1 1 1 3 360 1 314,3023,7621 0 1 1-3
2.24888 0 1 2 5 13 174 10 655,2857 655 7 5-4-3-7-8-14-12-13
2.28893 0 1 1 15 13 360 1 3715,6517,7720 0 1 15-13
2.29499 0 1 1 3 19 360 1 1086,2280,5067 0 5 3-4-10-11-18-19
2.30134 0 1 1 17 19 360 1 456,1261,1950 0 1 17-19
2.38701 0 1 1 7 19 360 1 1003,4541,5268 0 4 7-8-11-18-19
2.41208 0 1 1 11 2 360 1 96,4150,6125 0 3 11-8-7-2
2.43266 0 1 1 4 19 360 1 3883,6429,7254 0 4 4-10-11-18-19
2.44074 0 1 1 14 2 360 1 1299,5664,5993 0 3 14-8-7-2
2.46009 0 1 1 17 14 360 1 1138,1807,3022 0 1 17-14
2.47299 0 1 2 14 1 66 10 3274,5506 3274 3 14-8-7-1
2.5107 0 1 1 1 16 360 1 183,2889,4931 0 5 1-7-8-14-17-16
2.51097 0 1 1 4 18 360 1 1454,3566,6509 0 3 4-10-11-18
2.54477 0 1 1 10 17 360 1 601,1466,6419 1 4 10-11-18-19-17
2.57327 0 1 2 9 15 90 10 2106,2475 2106 5 9-7-8-14-12-15
2.62266 0 1 1 4 16 360 1 2256,4842,7178 0 6 4-10-11-18-19-17-16
2.63145 0 1 1 6 8 360 1 4640,4920,7365 0 3 6-3-7-8
2.64608 0 1 1 9 7 360 1 1466,6323,7985 0 1 9-7
2.65663 0 1 2 16 4 12 10 1386,4983 1386 6 16-17-19-18-11-10-4
2.66331 0 1 2 10 4 96 10 418,7663 418 1 10-4
2.68083 0 1 1 6 16 360 1 339,766,7078 0 7 6-3-7-8-14-12-15-16
2.70748 0 1 2 15 19 120 10 1843,7344 1843 3 15-16-17-19
2.78696 0 1 1 17 12 360 1 1261,2550,2631 0 2 17-14-12
2.80171 0 1 1 18 1 360 1 1752,5149,6470 0 4 18-11-8-7-1
2.86143 0 1 1 14 1 360 1 3004,3677,4985 0 3 14-8-7-1
2.86453 0 1 1 11 4 360 1 1036,2256,2751 0 2 11-10-4
2.86459 0 1 1 11 5 360 1 93,4823,7637 0 3 11-10-4-5
2.88381 0 1 2 8 2 66 10 1409,3823 1409 2 8-7-2
2.88477 0 1 1 16 1 360 1 232,2420,6631 0 6 16-15-12-14-8-7-1
2.90998 0 1 1 6 19 360 1 1253,3497,6790 0 5 6-4-10-11-18-19
2.94379 0 1 1 5 3 360 1 4396,5748,7596 0 2 5-4-3
2.94468 0 1 1 18 15 360 1 3821,4572,7496 0 4 18-19-17-16-15
2.95599 0 1 1 15 5 360 1 1785,2943,3480 0 7 15-12-14-8-11-10-4-5
2.96112 0 1 1 4 19 360 1 272,5614,7673 0 6 4-3-7-8-14-17-19
3.00153 0 1 1 14 9 360 1 5240,7098,7197 0 3 14-8-7-9
3.0136 0 1 1 10 14 360 1 2671,2862,6549 0 3 10-11-8-14
3.03348 0 1 2 3 1 42 10 3201,4179 3201 1 3-1
3.04144 0 1 1 4 19 360 1 1545,2261,2864 0 4 4-10-11-18-19
3.067 0 1 1 10 14 360 1 378,1904,4676 0 4 10-9-7-8-14
3.07136 0 1 1 2 6 360 1 2921,6076,6200 0 2 2-4-6
3.14237 0 1 1 7 14 360 1 367,3460,5212 0 2 7-8-14
3.17206 0 1 2 16 15 108 10 1286,1287 1286 1 16-15
3.18127 0 1 2 4 17 150 10 3725,3898 3725 5 4-10-11-18-19-17
3.18319 0 1 2 1 2 54 10 2280,7289 2280 1 1-2
3.21891 0 1 1 14 18 360 1 5626,6601,8161 0 3 14-17-19-18
3.2336 0 1 2 17 18 42 10 2724,7573 2724 2 17-19-18
3.30571 0 1 1 16 19 360 1 4425,6796,7387 0 2 16-17-19
3.30585 0 1 2 19 16 12 10 7202,8287 7202 2 19-17-16
3.32026 0 1 1 10 14 360 1 1107,2882,5696 0 3 10-11-8-14
3.3801 0 1 1 13 9 360 1 1819,2557,5919 0 5 13-12-14-8-7-9
3.38119 0 1 2 19 16 102 10 5170,7998 5170 2 19-17-16
3.38376 0 1 2 10 4 288 10 4722,5852 4722 1 10-4
3.38439 0 1 1 12 7 360 1 1153,3098,8220 0 3 12-14-8-7
3.39294 0 1 2 18 19 240 10 2947,4513 2947 1 18-19
3.41019 0 1 1 8 10 360 1 1006,5837,6768 0 2 8-11-10
3.42389 0 1 1 1 19 360 1 525,5959,6713 0 5 1-7-8-14-17-19
3.4338 0 1 1 17 1 360 1 5357,5923,7302 0 4 17-14-8-7-1
3.44653 0 1 1 4 3 360 1 686,1279,3421 0 1 4-3
3.56462 0 1 1 5 3 360 1 1675,1721,8167 0 2 5-4-3
3.5986 0 1 1 3 4 360 1 25,1871,1971 0 1 3-4
3.60639 0 1 1 1 7 360 1 3072,6612,7690 0 1 1-7
3.60994 0 1 1 17 18 360 1 100,5532,5782 0 2 17-19-18
3.62845 0 1 1 15 8 360 1 2420,6362,7081 0 3 15-12-14-8
3.62949 0 1 1 4 13 360 1 2773,4876,8049 0 6 4-10-11-8-14-12-13
3.70919 0 1 1 10 18 360 1 1213,4627,4983 0 2 10-11-18
3.71634 0 1 1 18 16 360 1 1079,6086,6572 0 3 18-19-17-16
3.72638 0 1 1 2 10 360 1 2091,2353,2957 0 2 2-4-10
3.73681 0 1 1 18 5 360 1 190,1553,4632 0 4 18-11-10-4-5
3.7475 0 1 1 4 10 360 1 4145,5051,7409 0 1 4-10
3.75728 0 1 1 10 6 360 1 2119,2740,4941 0 2 10-4-6
3.77037 0 1 1 12 15 360 1 1977,5446,8108 0 1 12-15
3.78032 0 1 1 14 10 360 1 889,5005,5257 0 5 14-17-19-18-11-10
3.83192 0 1 1 16 8 360 1 1916,5439,5539 0 3 16-17-14-8
3.84041 0 1 1 19 11 360 1 1030,5501,6524 0 2 19-18-11
3.89404 0 1 1 4 9 360 1 1582,3623,7705 0 2 4-10-9
3.90667 0 1 1 11 17 360 1 1979,2486,2627 0 3 11-18-19-17
3.90695 0 1 1 15 2 360 1 20,2254,6492 0 5 15-12-14-8-7-2
3.9089 0 1 1 8 19 360 1 2337,4038,8228 0 3 8-11-18-19
3.91861 0 1 1 10 8 360 1 367,700,2558 0 3 10-9-7-8
3.94641 0 1 2 9 19 42 10 6028,6158 6028 4 9-10-11-18-19
3.94905 0 1 2 16 5 30 10 3912,8322 3912 7 16-17-19-18-11-10-4-5
4.02013 0 1 2 2 13 24 10 2023,4649 2023 5 2-7-8-14-12-13
4.0202 0 1 1 4 7 360 1 145,3300,7859 0 2 4-3-7
4.02044 0 1 1 19 11 360 1 1988,5091,5302 0 2 19-18-11
4.02052 0 1 2 19 17 84 10 4734,5743 4734 1 19-17
4.02291 0 1 2 15 12 42 10 1851,7482 1851 1 15-12
4.03052 0 1 1 17 7 360 1 1757,3715,6309 0 3 17-14-8-7
4.03654 0 1 2 5 12 342 10 1342,5411 1342 6 5-4-10-11-8-14-12
4.04779 0 1 1 1 19 360 1 1665,2460,7367 0 5 1-7-8-11-18-19
4.05599 0 1 1 15 4 360 1 536,3631,6672 1 6 15-12-14-8-7-3-4
4.10693 0 1 2 3 7 12 10 1992,4971 1992 1 3-7
4.13665 0 1 2 14 15 162 10 2026,6961 2026 3 14-17-16-15
4.1431 0 1 1 10 13 360 1 139,1569,7893 0 5 10-11-8-14-12-13
4.16863 0 1 2 1 7 132 10 1557,1885 1557 1 1-7
4.18921 0 1 1 15 19 360 1 4023,5022,6832 0 3 15-16-17-19
4.20189 0 1 2 10 13 24 10 990,7244 990 7 10-11-18-19-17-16-15-13
4.27134 0 1 2 9 8 18 10 1703,2903 1703 2 9-7-8
4.29163 0 1 1 9 18 360 1 2213,2303,2556 0 3 9-10-11-18
4.29229 0 1 1 1 3 360 1 949,1254,7756 0 1 1-3
4.30935 0 1 2 9 19 24 10 5763,8377 5763 4 9-10-11-18-19
4.32132 0 1 1 13 8 360 1 669,3236,6382 1 3 13-12-14-8
4.32478 0 1 1 19 7 360 1 1406,2164,4721 0 4 19-17-14-8-7
4.32621 0 1 2 3 9 18 10 4294,8008 4294 2 3-7-9
4.3625 0 1 1 12 19 360 1 300,3585,6917 0 3 12-14-17-19
4.40303 0 1 1 16 5 360 1 3949,4370,7043 0 7 16-17-19-18-11-10-4-5
4.43735 0 1 1 15 11 360 1 756,3002,7407 0 6 15-12-14-17-19-18-11
4.47895 0 1 1 8 2 360 1 2717,4810,5677 0 2 8-7-2
4.47972 0 1 1 12 4 360 1 3261,3367,4970 0 5 12-14-8-11-10-4
4.49684 0 1 1 1 6 360 1 451,4120,4478 0 2 1-3-6
4.53397 0 1 1 17 9 360 1 1802,3023,8039 0 4 17-14-8-7-9
4.56296 0 1 1 4 12 360 1 9,936,6538 0 5 4-10-11-8-14-12
4.602 0 1 1 15 7 360 1 3879,4133,7285 0 4 15-12-14-8-7
4.60852 0 1 1 5 18 360 1 3477,5345,6738 0 4 5-4-10-11-18
4.62433 0 1 1 7 18 360 1 1565,6992,8211 0 3 7-8-11-18
4.63172 0 1 2 5 7 102 10 435,5064 435 3 5-4-3-7
4.63209 0 1 1 16 13 360 1 43,333,6043 0 2 16-15-13
4.63516 0 1 1 4 10 360 1 1903,4275,4826 0 1 4-10
4.67566 0 1 1 15 8 360 1 744,2343,3374 0 7 15-12-14-17-19-18-11-8
4.70273 0 1 2 19 3 36 10 87,5055 87 5 19-17-14-8-7-3
4.70328 0 1 2 13 3 240 10 1388,4596 1388 5 13-12-14-8-7-3
4.71474 0 1 1 9 6 360 1 6647,6685,7976 0 3 9-10-4-6
4.71759 0 1 2 12 15 174 10 4754,8169 4754 1 12-15
4.76456 0 1 1 3 16 360 1 1880,4489,5427 0 5 3-7-8-14-17-16
4.77192 0 1 1 10 4 360 1 242,3847,5116 0 4 10-9-7-3-4
4.78324 0 1 1 17 13 360 1 93,3112,3527 0 3 17-16-15-13
4.79111 0 1 1 19 10 360 1 2243,2414,4129 0 3 19-18-11-10
4.79815 0 1 2 11 3 324 10 6784,7248 6784 3 11-8-7-3
4.82189 0 1 2 5 10 18 10 347,517 347 2 5-4-10
4.82409 0 1 1 13 6 360 1 1853,1981,3118 0 9 13-15-16-17-19-18-11-10-4-6
4.84814 0 1 2 8 3 162 10 3679,5876 3679 2 8-7-3
4.85568 0 1 1 1 3 360 1 1643,5577,7795 0 1 1-3
4.87478 0 1 1 16 7 360 1 3393,7097,7403 0 4 16-17-14-8-7
4.91694 0 1 1 3 8 360 1 937,3297,8186 0 2 3-7-8
4.92808 0 1 2 5 2 90 10 2323,7434 2323 2 5-4-2
4.9492 0 1 1 19 7 360 1 3959,5332,7684 0 4 19-17-14-8-7
4.97145 0 1 2 12 11 138 10 4635,6398 4635 3 12-14-8-11
4.98075 0 1 2 8 2 18 10 3468,4076 3468 2 8-7-2
4.99171 0 1 1 4 6 360 1 745,4112,5471 0 1 4-6
5.01728 0 1 1 4 17 360 1 4455,6331,7183 0 5 4-10-11-18-19-17
5.0365 0 1 2 14 2 24 10 2846,4488 2846 3 14-8-7-2
5.03693 0 1 1 12 16 360 1 727,4150,7990 0 2 12-15-16
5.04825 0 1 1 6 3 360 1 1181,2798,8088 0 1 6-3
5.09146 0 1 1 13 6 360 1 468,1968,6624 1 9 13-15-16-17-19-18-11-10-4-6
5.09818 0 1 1 2 14 360 1 698,1093,3495 1 5 2-4-10-11-8-14
5.11796 0 1 1 10 5 360 1 236,470,5482 0 5 10-9-7-3-4-5
5.13215 0 1 1 2 7 360 1 440,5648,6988 0 1 2-7
5.13725 0 1 2 10 11 66 10 3251,8067 3251 1 10-11
5.1433 0 1 1 6 7 360 1 1187,6381,6913 0 2 6-3-7
5.15521 0 1 2 4 8 18 10 2290,7322 2290 3 4-10-11-8
5.17905 0 1 2 3 6 108 10 4292,7460 4292 1 3-6
5.17944 0 1 2 17 2 180 10 5438,6397 5438 4 17-14-8-7-2
5.20476 0 1 1 5 18 360 1 3173,4450,8069 0 6 5-4-3-7-8-11-18
5.20773 0 1 1 6 1 360 1 818,4052,5887 0 2 6-3-1
5.24344 0 1 1 18 11 360 1 2546,6364,7343 0 1 18-11
5.26962 0 1 1 16 3 360 1 1560,3221,5361 0 5 16-17-14-8-7-3
5.30788 0 1 1 1 13 360 1 4556,4982,7991 0 9 1-7-8-11-18-19-17-16-15-13
5.32006 0 1 1 17 18 360 1 1313,5133,7970 0 2 17-19-18
5.45934 0 1 1 13 3 360 1 2768,3191,5292 0 5 13-12-14-8-7-3
5.46052 0 1 1 1 18 360 1 764,3451,7485 0 4 1-7-8-11-18
5.48108 0 1 1 17 9 360 1 1509,2399,6842 0 4 17-14-8-7-9
5.52862 0 1 1 17 7 360 1 842,5745,6696 0 5 17-19-18-11-8-7
5.54021 0 1 1 2 17 360 1 6275,6497,6519 0 4 2-7-8-14-17
5.54224 0 1 2 18 7 42 10 366,5453 366 4 18-11-10-9-7
5.56103 0 1 2 15 10 66 10 1427,2806 1427 6 15-16-17-19-18-11-10
5.57601 0 1 1 13 4 360 1 6066,6228,7721 0 6 13-12-14-8-11-10-4
5.59725 0 1 2 14 5 12 10 4369,5926 4369 5 14-8-11-10-4-5
5.60336 0 1 1 8 4 360 1 2776,3175,7619 0 3 8-11-10-4
5.62659 0 1 2 17 10 18 10 1295,3667 1295 4 17-19-18-11-10
5.63481 0 1 1 2 14 360 1 470,1504,3954 1 3 2-7-8-14
5.6349 0 1 1 10 18 360 1 5687,7721,7728 0 2 10-11-18
5.64879 0 1 1 6 14 360 1 11,2186,4113 0 4 6-3-7-8-14
5.67264 0 1 1 5 8 360 1 2467,4505,8071 0 4 5-4-10-11-8
5.6878 0 1 1 1 15 360 1 3395,4124,6424 0 5 1-7-8-14-12-15
5.71927 0 1 1 1 19 360 1 2152,4608,7395 0 5 1-7-8-11-18-19
5.75143 0 1 1 2 16 360 1 2893,6049,8057 0 5 2-7-8-14-17-16
5.75942 0 1 2 14 16 264 10 6235,7391 6235 2 14-17-16
5.79026 0 1 1 1 18 360 1 831,878,1874 0 4 1-7-8-11-18
5.83811 0 1 1 5 2 360 1 5519,7098,7810 0 2 5-4-2
5.85736 0 1 1 6 1 360 1 497,1678,3324 0 2 6-3-1
5.88633 0 1 2 13 4 168 10 4600,5868 4600 8 13-15-16-17-19-18-11-10-4
5.89503 0 1 2 13 9 30 10 1605,7457 1605 8 13-15-16-17-19-18-11-10-9
5.91619 0 1 1 6 8 360 1 5117,7092,7771 0 3 6-3-7-8
5.9216 0 1 1 18 5 360 1 2457,3661,7755 0 4 18-11-10-4-5
5.94138 0 1 1 7 1 360 1 2745,3605,3790 0 1 7-1
5.97241 0 1 2 18 8 54 10 6095,8455 6095 2 18-11-8
5.97811 0 1 1 9 5 360 1 1890,2230,4579 0 3 9-10-4-5
5.99069 0 1 1 5 6 360 1 565,4282,5940 0 2 5-4-6
5.99113 0 1 1 9 4 360 1 694,3699,6091 0 3 9-7-3-4
6.0109 0 1 1 5 10 360 1 125,2211,2702 0 2 5-4-10
6.05273 0 1 2 11 3 330 10 4096,7334 4096 3 11-8-7-3
6.07868 0 1 2 15 10 12 10 3700,7482 3700 5 15-12-14-8-11-10
6.08653 0 1 1 14 10 360 1 1261,3601,6714 0 3 14-8-11-10
6.17689 0 1 1 18 19 360 1 1705,4306,6716 0 1 18-19
6.17785 0 1 1 3 9 360 1 1757,1887,3146 0 2 3-7-9
6.17824 0 1 1 17 18 360 1 171,519,3750 0 2 17-19-18
6.21312 0 1 2 5 3 72 10 2617,5785 2617 2 5-4-3
6.22265 0 1 1 5 11 360 1 61,5828,8096 0 3 5-4-10-11
6.23288 0 1 1 1 19 360 1 1765,3800,6618 0 5 1-7-8-11-18-19
6.26475 0 1 1 18 11 360 1 2522,7048,7943 0 1 18-11
6.33489 0 1 1 19 9 360 1 349,2369,5246 1 4 19-18-11-10-9
6.3421 0 1 1 2 12 360 1 234,4983,7610 1 4 2-7-8-14-12
6.38975 0 1 1 15 19 360 1 226,1256,2369 0 3 15-16-17-19
6.39931 0 1 2 10 17 30 10 4039,7860 4039 4 10-11-18-19-17
6.42468 0 1 1 7 10 360 1 2632,2961,5863 0 2 7-9-10
6.47386 0 1 2 7 12 336 10 5258,8083 5258 3 7-8-14-12
6.47942 0 1 2 19 1 150 10 2202,8387 2202 5 19-17-14-8-7-1
6.5162 0 1 2 16 15 30 10 6597,8486 6597 1 16-15
6.52593 0 1 2 10 12 12 10 2421,6096 2421 4 10-11-8-14-12
6.526 0 1 1 18 14 360 1 1114,2442,8072 0 3 18-19-17-14
6.53713 0 1 1 7 19 360 1 3409,7374,7878 0 4 7-8-11-18-19
6.55837 0 1 1 10 14 360 1 7182,7324,8243 0 3 10-11-8-14
6.58201 0 1 2 1 17 24 10 745,6028 745 7 1-7-9-10-11-8-14-17
6.60185 0 1 1 3 1 360 1 721,1528,5187 0 1 3-1
6.64026 0 1 2 19 6 54 10 1693,8237 1693 5 19-18-11-10-4-6
6.68998 0 1 1 10 5 360 1 2877,6401,8212 0 2 10-4-5
6.71185 0 1 1 9 4 360 1 4338,7259,8241 0 2 9-10-4
6.71354 0 1 1 3 8 360 1 811,5098,6184 0 2 3-7-8
6.72096 0 1 2 6 2 18 10 2838,4497 2838 2 6-4-2
6.72925 0 1 2 3 12 12 10 266,7792 266 8 3-4-10-11-18-19-17-14-12
6.75112 0 1 1 11 2 360 1 3217,4849,5346 0 3 11-8-7-2
6.75356 0 1 2 10 17 12 10 544,1109 544 4 10-11-18-19-17
6.78925 0 1 2 15 14 204 10 6113,6652 6113 2 15-12-14
6.8851 0 1 1 13 5 360 1 1577,2071,5991 0 7 13-12-14-8-11-10-4-5
6.88548 0 1 1 6 12 360 1 1376,3064,6905 0 8 6-4-10-11-18-19-17-14-12
6.89143 0 1 1 12 6 360 1 672,5964,7113 1 5 12-14-8-7-3-6
6.90678 0 1 1 15 10 360 1 1358,3002,8144 1 6 15-12-14-8-7-9-10
6.90886 0 1 2 4 5 48 10 1174,6969 1174 1 4-5
6.9275 0 1 1 8 19 360 1 1233,4851,7553 0 3 8-11-18-19
6.94214 0 1 1 6 14 360 1 4500,5011,6424 0 8 6-3-7-8-11-18-19-17-14
6.94856 0 1 1 1 7 360 1 970,5593,6867 0 1 1-7
6.95675 0 1 1 18 6 360 1 4455,4456,4552 0 5 18-11-8-7-3-6
6.96587 0 1 1 13 1 360 1 3214,3225,5120 0 5 13-12-14-8-7-1
6.9961 0 1 2 2 3 258 10 2741,6345 2741 2 2-7-3
7.03128 0 1 2 17 14 264 10 1991,4236 2174 4 17-16-15-12-14
7.04627 0 1 1 9 18 360 1 606,7035,7800 1 3 9-10-11-18
7.0809 0 1 2 16 4 114 10 898,2216 1045 6 16-17-19-18-11-10-4
7.08348 0 1 1 1 6 360 1 4645,4828,7844 0 2 1-3-6
7.08845 0 1 2 8 15 228 10 2737,4684 2737 6 8-11-18-19-17-16-15
7.09419 0 1 1 15 18 360 1 1052,2358,5799 0 4 15-16-17-19-18
7.11297 0 1 1 10 2 360 1 1700,4200,7762 0 2 10-4-2
7.12967 0 1 1 5 4 360 1 2839,3946,8050 0 1 5-4
7.13894 0 1 1 17 4 360 1 4209,5442,6053 0 5 17-19-18-11-10-4
7.1446 0 1 1 7 4 360 1 3889,6631,7138 0 2 7-3-4
7.16093 0 1 2 9 2 12 10 5124,5480 5124 2 9-7-2
7.16432 0 1 1 19 15 360 1 1965,2848,3788 0 4 19-17-14-12-15
7.17499 0 1 1 14 1 360 1 991,1057,4966 2 3 14-8-7-1
7.21329 0 1 2 18 19 96 10 89,659 89 1 18-19
7.22335 0 1 1 4 3 360 1 4563,5089,7425 0 1 4-3
7.24148 0 1 1 2 7 360 1 1265,4105,5598 0 1 2-7
7.25185 0 1 1 19 3 360 1 2350,4352,7035 0 5 19-17-14-8-7-3
7.25729 0 1 2 16 1 60 10 1655,2765 1655 5 16-17-14-8-7-1
7.30623 0 1 1 4 5 360 1 1942,3342,4635 0 1 4-5
7.30832 0 1 1 3 13 360 1 823,3177,5108 1 5 3-7-8-14-12-13
7.31631 0 1 1 16 2 360 1 3774,3800,5723 0 5 16-17-14-8-7-2
7.32896 0 1 1 12 17 360 1 2274,4935,5775 0 2 12-14-17
7.36852 0 1 1 18 1 360 1 647,1977,2334 1 4 18-11-8-7-1
7.37723 0 1 1 4 13 360 1 3090,7115,8250 0 6 4-3-7-8-14-12-13
7.43481 0 1 2 4 9 12 10 5257,6471 5257 2 4-10-9
7.47318 0 1 1 8 9 360 1 5572,5652,7629 0 2 8-7-9
7.482 0 1 2 5 4 12 10 1811,7970 1811 1 5-4
7.52348 0 1 2 5 18 342 10 2417,5896 2433 4 5-4-10-11-18
7.56675 0 1 1 6 4 360 1 312,3088,3775 0 1 6-4
7.60506 0 1 1 10 18 360 1 1136,2342,5994 0 2 10-11-18
7.61122 0 1 1 12 18 360 1 2588,5495,7405 1 4 12-14-17-19-18
7.61539 0 1 2 5 3 144 10 1911,3515 1911 2 5-4-3
7.62261 0 1 2 11 1 66 10 4903,5722 4903 3 11-8-7-1
7.63521 0 1 1 12 17 360 1 1864,8186,8208 0 2 12-14-17
7.64603 0 1 1 11 19 360 1 1345,6487,7304 0 2 11-18-19
7.66001 0 1 1 2 17 360 1 1207,3154,6690 1 6 2-7-8-11-18-19-17
7.73391 0 1 2 3 19 180 10 7164,8136 7164 5 3-4-10-11-18-19
7.75857 0 1 2 18 10 330 10 5580,5587 5580 2 18-11-10
7.76277 0 1 1 5 10 360 1 2069,5743,7011 0 2 5-4-10
7.76287 0 1 1 17 8 360 1 3924,6794,7515 0 2 17-14-8
7.77204 0 1 1 1 2 360 1 3375,4932,6706 0 1 1-2
7.80755 0 1 1 5 18 360 1 2548,4848,5049 1 4 5-4-10-11-18
7.84584 0 1 2 3 16 12 10 4806,7940 4806 5 3-7-8-14-17-16
7.87178 0 1 1 17 2 360 1 1287,7402,8143 1 4 17-14-8-7-2
7.89415 0 1 2 15 11 12 10 341,381 341 5 15-16-17-19-18-11
7.91252 0 1 1 13 19 360 1 3865,6099,6448 0 4 13-15-16-17-19
7.91748 0 1 2 14 6 18 10 1132,3740 1132 4 14-8-7-3-6
7.95298 0 1 1 8 5 360 1 1191,2296,6691 2 4 8-11-10-4-5
8.00804 0 1 1 18 9 360 1 444,1126,4761 2 3 18-11-10-9
8.02215 0 1 2 17 19 24 10 920,5149 920 1 17-19
8.02519 0 1 1 8 10 360 1 406,2384,5654 0 3 8-7-9-10
8.04464 0 1 1 13 9 360 1 3354,6770,6817 0 6 13-12-14-8-11-10-9
8.06656 0 1 1 10 14 360 1 1502,3582,6631 0 8 10-9-7-8-11-18-19-17-14
8.09542 0 1 2 9 3 228 10 1139,4730 1139 2 9-7-3
8.13941 0 1 2 9 2 294 10 6188,6391 6188 2 9-7-2
8.17857 0 1 1 10 4 360 1 932,5935,7941 0 1 10-4
8.19009 0 1 2 8 2 30 10 5921,7690 5921 2 8-7-2
8.24798 0 1 1 14 2 360 1 2047,6477,7457 0 7 14-17-19-18-11-10-4-2
8.24801 0 1 1 1 13 360 1 2574,3662,4284 0 5 1-7-8-14-12-13
8.27088 0 1 1 15 13 360 1 2912,4340,7378 0 1 15-13
8.27143 0 1 1 12 1 360 1 2955,5924,7495 0 4 12-14-8-7-1
8.31371 0 1 1 12 15 360 1 2818,6608,8051 0 1 12-15
8.31491 0 1 2 3 10 36 10 264,856 264 2 3-4-10
8.32102 0 1 1 1 4 360 1 2889,5525,6070 0 2 1-3-4
8.3241 0 1 2 1 10 18 10 5691,7994 5691 3 1-7-9-10
8.32431 0 1 1 19 15 360 1 609,3680,5562 0 4 19-17-14-12-15
8.34807 0 1 1 7 15 360 1 2576,5232,5858 0 4 7-8-14-12-15
8.355 0 1 1 2 6 360 1 840,1491,7575 0 2 2-4-6
8.37256 0 1 1 13 1 360 1 826,1504,6898 2 5 13-12-14-8-7-1
8.43989 0 1 1 17 9 360 1 134,6018,7617 0 4 17-14-8-7-9
8.47202 0 1 1 5 9 360 1 297,2487,7058 0 4 5-4-3-7-9
8.487 0 1 1 15 18 360 1 1947,5085,8195 0 5 15-12-14-17-19-18
8.55076 0 1 1 13 3 360 1 429,733,7698 2 5 13-12-14-8-7-3
8.5618 0 1 1 5 16 360 1 2423,6306,7451 1 7 5-4-10-11-18-19-17-16
8.58068 0 1 1 6 15 360 1 562,970,8264 2 6 6-3-7-8-14-12-15
8.59578 0 1 2 14 17 180 10 1432,1541 1432 1 14-17
8.60672 0 1 1 19 14 360 1 32,1114,3876 0 2 19-17-14
8.63759 0 1 2 1 16 114 10 4066,4798 4066 5 1-7-8-14-17-16
8.65865 0 1 2 16 1 66 10 2271,5449 2271 5 16-17-14-8-7-1
8.6616 0 1 1 3 9 360 1 5298,5345,7335 0 2 3-7-9
8.70141 0 1 2 14 8 12 10 2227,4063 2227 1 14-8
8.71482 0 1 2 1 9 12 10 5257,7910 5257 2 1-7-9
8.72266 0 1 1 12 18 360 1 99,1343,2717 0 4 12-14-17-19-18
8.74611 0 1 1 10 2 360 1 362,1037,1372 0 3 10-9-7-2
8.79271 0 1 1 7 16 360 1 1564,2492,2495 0 4 7-8-14-17-16
8.79597 0 1 1 1 7 360 1 278,4722,4862 0 1 1-7
8.81616 0 1 1 3 12 360 1 69,87,5445 0 4 3-7-8-14-12
8.82723 0 1 2 2 16 18 10 6298,7212 6298 5 2-7-8-14-17-16
8.82813 0 1 1 3 12 360 1 1066,1741,3432 1 4 3-7-8-14-12
8.88991 0 1 2 17 5 228 10 6010,8268 6010 6 17-19-18-11-10-4-5
8.92278 0 1 1 1 8 360 1 4817,5112,6206 0 2 1-7-8
8.92472 0 1 1 1 13 360 1 130,1963,4459 0 5 1-7-8-14-12-13
8.96504 0 1 1 6 9 360 1 2978,7568,8261 0 3 6-4-10-9
9.02603 0 1 1 16 8 360 1 334,4954,5197 1 4 16-15-12-14-8
9.03299 0 1 2 9 5 42 10 1006,3200 1006 3 9-10-4-5
9.04537 0 1 1 16 1 360 1 4498,4676,7630 0 7 16-17-19-18-11-8-7-1
9.04739 0 1 1 18 6 360 1 281,7066,7109 1 4 18-11-10-4-6
9.0632 0 1 1 15 5 360 1 1631,5017,6481 0 7 15-12-14-8-11-10-4-5
9.06556 0 1 1 16 11 360 1 2688,3747,3751 0 4 16-17-14-8-11
9.06639 0 1 1 15 19 360 1 3262,3441,7348 0 3 15-16-17-19
9.06798 0 1 2 14 17 294 10 647,2961 647 1 14-17
9.07992 0 1 1 6 19 360 1 753,2047,4437 1 5 6-4-10-11-18-19
9.08945 0 1 1 9 2 360 1 1473,1657,2354 0 2 9-7-2
9.09203 0 0 2 7 12 282 10 460,1569 -1 -1 
9.09508 0 1 2 9 6 24 10 3427,6302 3427 3 9-10-4-6
9.12577 0 1 2 16 9 18 10 1307,2851 1307 5 16-17-14-8-7-9
9.13053 0 1 1 10 5 360 1 3319,6088,6629 0 2 10-4-5
9.22376 0 1 2 9 1 84 10 5783,6187 5783 2 9-7-1
9.23832 0 1 1 19 2 360 1 3080,5630,6777 1 5 19-17-14-8-7-2
9.33326 0 1 1 7 15 360 1 2306,4682,4904 1 7 7-8-11-18-19-17-16-15
9.42017 0 1 2 5 15 42 10 477,8017 477 11 5-4-3-7-9-10-11-18-19-17-16-15
9.47078 0 1 1 11 3 360 1 3560,5779,6235 0 3 11-8-7-3
9.5394 0 1 1 8 14 360 1 3819,6186,7340 0 1 8-14
9.54746 0 1 1 6 19 360 1 2029,4255,7782 0 5 6-4-10-11-18-19
9.56486 0 1 1 3 18 360 1 2885,2908,4912 0 4 3-4-10-11-18
9.56517 0 1 1 8 9 360 1 144,1491,5208 0 2 8-7-9
9.57645 0 1 1 6 3 360 1 1366,3608,3837 0 1 6-3
9.59314 0 1 1 2 19 360 1 2874,3089,3681 0 5 2-7-8-14-17-19
9.61571 0 1 2 6 14 90 10 718,7666 765 10 6-4-10-11-18-19-17-16-15-12-14
9.65093 0 1 1 16 8 360 1 304,3557,4340 1 3 16-17-14-8
9.73549 0 1 1 18 7 360 1 2345,2526,6462 0 5 18-19-17-14-8-7
9.74456 0 1 1 14 6 360 1 3893,4110,6741 0 4 14-8-7-3-6
9.7528 0 1 2 18 19 258 10 4044,8300 4044 1 18-19
9.7677 0 1 1 15 18 360 1 330,1845,5163 1 5 15-12-14-17-19-18
9.78905 0 1 1 18 1 360 1 2005,3080,5440 0 6 18-11-10-9-7-3-1
9.79551 0 1 1 11 3 360 1 4510,6001,6232 0 3 11-8-7-3
9.82863 0 1 2 5 12 294 10 3614,5709 3614 6 5-4-3-7-8-14-12
9.83256 0 1 1 19 11 360 1 1516,3969,6125 1 4 19-17-14-8-11
9.83655 0 1 1 16 14 360 1 1073,3257,3601 0 2 16-17-14
9.84958 0 1 1 8 10 360 1 1242,4664,5565 1 2 8-11-10
9.87255 0 1 1 16 1 360 1 1845,2253,5490 2 5 16-17-14-8-7-1
9.88115 0 1 1 14 4 360 1 4268,5705,7698 0 4 14-8-11-10-4
9.88662 0 1 1 4 14 360 1 2583,3484,4298 0 4 4-10-11-8-14
9.88745 0 1 1 13 5 360 1 1047,1561,5078 2 7 13-12-14-8-7-3-4-5
9.90261 0 1 2 14 6 30 10 1190,6864 1190 4 14-8-7-3-6
9.95975 0 1 2 1 13 18 10 302,4530 302 10 1-7-9-10-11-18-19-17-16-15-13
9.97148 0 1 1 4 19 360 1 2994,3333,4454 1 4 4-10-11-18-19
9.97399 0 1 2 2 13 36 10 5068,5538 5068 5 2-7-8-14-12-13
9.97992 0 1 1 16 1 360 1 1401,2171,5861 2 5 16-17-14-8-7-1
10.0048 1 1 1 17 6 360 1 1654,6833,6944 1 5 17-14-8-7-3-6
10.0064 1 1 1 17 5 360 1 3181,3395,7543 1 6 17-19-18-11-10-4-5
10.0312 1 1 1 4 14 360 1 822,5805,6961 1 4 4-10-11-8-14
10.0546 1 1 1 16 6 360 1 1049,2749,3344 2 7 16-17-19-18-11-10-4-6
10.0585 1 1 1 12 5 360 1 2064,7078,7088 1 6 12-14-8-11-10-4-5
10.0874 1 1 1 11 10 360 1 2106,4181,4814 1 1 11-10
10.0937 1 1 1 11 8 360 1 1085,4553,7030 0 1 11-8
10.0998 1 1 1 9 4 360 1 2065,4182,4792 0 3 9-7-3-4
10.1107 1 1 1 17 7 360 1 758,2042,2440 2 3 17-14-8-7
10.1467 1 1 1 1 19 360 1 410,6497,7456 1 5 1-7-8-11-18-19
10.1469 1 1 2 11 4 18 10 3178,5916 3177 2 11-10-4
10.148 1 1 1 1 18 360 1 1620,2722,4506 2 4 1-7-8-11-18
10.1493 1 1 1 14 17 360 1 3693,6736,6933 0 1 14-17
10.1781 1 1 1 19 8 360 1 3462,3509,8239 0 3 19-17-14-8
10.185 1 1 1 10 7 360 1 1361,5145,5931 0 2 10-9-7
10.2081 1 1 1 10 3 360 1 82,2122,8039 0 3 10-9-7-3
10.2403 1 1 1 10 14 360 1 2283,2875,8203 2 3 10-11-8-14
10.2572 1 0 1 17 11 360 1 252,539,1439 -1 -1 
10.2685 1 1 1 16 17 360 1 484,1052,8220 1 1 16-17
10.283 1 1 2 17 8 12 10 6796,7964 6795 2 17-14-8
10.2836 1 1 1 15 1 360 1 2771,2886,6421 2 5 15-12-14-8-7-1
10.291 1 1 1 8 19 360 1 2448,6274,6494 0 3 8-14-17-19
10.3068 1 1 1 5 17 360 1 550,2546,7969 2 6 5-4-10-11-18-19-17
10.3295 1 1 2 7 6 168 10 1390,5158 1389 2 7-3-6
10.3349 1 1 2 9 13 234 10 497,4680 1096 6 9-10-11-8-14-12-13
10.3423 1 1 1 15 4 360 1 4482,6803,8167 0 9 15-16-17-19-18-11-8-7-3-4
10.359 1 1 2 16 6 24 10 3657,7245 3656 7 16-17-19-18-11-10-4-6
10.3879 1 1 1 7 4 360 1 2103,4665,7499 0 2 7-3-4
10.3983 1 1 1 1 19 360 1 563,996,7765 2 5 1-7-8-11-18-19
10.4247 1 1 2 16 19 108 10 2200,5833 2336 2 16-17-19
10.4609 1 1 1 18 16 360 1 2522,3746,5621 0 3 18-19-17-16
10.4848 1 1 1 5 9 360 1 2055,4322,7040 0 4 5-4-3-7-9
10.4852 1 1 1 8 10 360 1 5325,7172,8205 0 2 8-11-10
10.4922 1 1 2 11 1 36 10 6943,8320 6942 3 11-8-7-1
10.4926 1 1 1 14 5 360 1 3927,5154,5401 0 5 14-8-11-10-4-5
10.5032 1 1 2 11 5 72 10 7507,7815 7506 3 11-10-4-5
10.5109 1 1 1 6 11 360 1 1998,2672,3846 1 3 6-4-10-11
10.5193 1 1 1 16 4 360 1 4697,6879,6928 0 9 16-17-19-18-11-10-9-7-3-4
10.5237 1 1 2 3 6 36 10 3150,3619 3149 1 3-6
10.5256 1 1 1 19 12 360 1 3184,6255,7851 0 3 19-17-14-12
10.5415 1 1 1 12 16 360 1 3258,3338,4973 0 2 12-15-16
10.5851 1 1 2 16 1 150 10 4071,7615 4070 8 16-17-19-18-11-10-9-7-1
10.6193 1 1 2 8 10 84 10 4049,7901 4068 2 8-11-10
10.6204 1 1 2 15 13 300 10 4003,4545 4002 1 15-13
10.6235 1 1 1 13 15 360 1 1314,5925,8154 0 1 13-15
10.6376 1 1 1 6 5 360 1 3134,6622,6830 0 2 6-4-5
10.6388 1 1 1 1 11 360 1 1243,4687,5374 1 4 1-7-9-10-11
10.6547 1 1 1 18 16 360 1 539,904,5476 2 3 18-19-17-16
10.6563 1 1 2 17 11 12 10 158,6362 157 3 17-19-18-11
10.6593 1 1 1 12 10 360 1 252,1409,3534 2 9 12-14-17-19-18-11-8-7-9-10
10.7423 1 1 2 17 7 72 10 2402,5984 2401 3 17-14-8-7
10.7602 1 1 2 9 4 72 10 634,3123 633 3 9-7-3-4
10.7737 1 1 1 17 10 360 1 769,3474,4217 1 4 17-19-18-11-10
10.7835 1 1 1 10 6 360 1 250,1113,5193 1 2 10-4-6
10.8178 1 1 1 2 16 360 1 2798,5810,7804 1 5 2-7-8-14-17-16
10.8542 1 1 1 13 5 360 1 215,4223,7518 1 7 13-12-14-8-11-10-4-5
10.8763 1 1 2 18 13 12 10 449,7432 448 5 18-19-17-16-15-13
10.8888 1 1 1 4 10 360 1 1780,3063,5303 0 1 4-10
10.9225 1 1 1 3 10 360 1 704,4651,7192 0 3 3-7-9-10
10.9271 1 1 2 15 13 36 10 4782,8140 4781 1 15-13
10.9612 1 0 1 5 19 360 1 809,2588,3347 -1 -1 
10.9647 1 1 1 4 13 360 1 618,5314,6415 1 6 4-10-11-8-14-12-13
10.9648 1 1 1 14 3 360 1 1891,3324,4835 2 3 14-8-7-3
10.9743 1 1 1 13 2 360 1 775,4456,8116 2 5 13-12-14-8-7-2
10.9837 1 1 2 10 18 12 10 5770,7479 5769 7 10-9-7-8-14-17-19-18
10.986 1 1 2 4 14 36 10 2481,4912 2480 4 4-10-11-8-14
10.9976 1 1 1 14 12 360 1 833,4065,5551 0 1 14-12
11.0041 1 1 1 10 6 360 1 1468,2314,7538 0 2 10-4-6
11.0187 1 1 1 3 4 360 1 2957,6297,6982 0 1 3-4
11.0717 1 1 2 18 5 42 10 3507,4707 3512 4 18-11-10-4-5
11.0769 1 1 1 16 15 360 1 5264,6579,8061 0 1 16-15
11.0794 1 1 1 1 13 360 1 168,5978,7106 0 5 1-7-8-14-12-13
11.0833 1 1 1 7 14 360 1 273,7397,7979 1 2 7-8-14
11.0982 1 1 1 10 6 360 1 2270,4254,6536 0 4 10-9-7-3-6
11.134 1 1 2 9 4 126 10 5474,8509 5473 2 9-10-4
11.1587 1 1 1 15 3 360 1 5328,5692,7811 0 5 15-12-14-8-7-3
11.1862 1 1 1 13 14 360 1 2106,5991,6692 0 2 13-12-14
11.2014 1 1 2 17 15 12 10 3095,5334 3094 2 17-16-15
11.2036 1 1 1 15 1 360 1 950,2270,6328 2 5 15-12-14-8-7-1
11.207 1 1 1 4 6 360 1 119,3498,7650 0 1 4-6
11.2286 1 1 1 12 2 360 1 3228,4008,7220 1 4 12-14-8-7-2
11.2328 1 1 1 13 1 360 1 800,4233,4923 1 5 13-12-14-8-7-1
11.2423 1 1 1 19 13 360 1 3337,4040,6190 0 4 19-17-16-15-13
11.2462 1 1 1 2 12 360 1 4386,4470,5335 0 8 2-7-8-11-18-19-17-14-12
11.2502 1 1 1 17 2 360 1 1143,1413,4164 2 4 17-14-8-7-2
11.2746 1 1 1 10 8 360 1 1356,4164,7164 1 2 10-11-8
11.2819 1 1 1 19 11 360 1 79,509,5819 0 2 19-18-11
11.2826 1 1 2 17 8 294 10 4354,6039 4353 2 17-14-8
11.3344 1 1 2 19 5 12 10 155,4248 154 7 19-17-14-8-11-10-4-5
11.3454 1 1 2 10 16 66 10 7227,7717 7226 5 10-11-18-19-17-16
11.352 1 1 1 2 8 360 1 2349,6367,6727 0 2 2-7-8
11.3746 1 1 1 13 11 360 1 3824,4796,5379 0 4 13-12-14-8-11
11.405 1 1 1 9 11 360 1 3940,4273,5481 0 3 9-7-8-11
11.4051 1 1 1 10 5 360 1 2503,6931,7687 1 2 10-4-5
11.4376 1 1 2 2 9 312 10 1774,5556 1773 2 2-7-9
11.4381 1 1 1 4 1 360 1 3108,4266,5398 0 2 4-3-1
11.4623 1 1 1 5 13 360 1 110,7907,7952 0 11 5-4-2-7-8-11-18-19-17-16-15-13
11.4778 1 1 1 12 19 360 1 4962,6602,7950 0 5 12-14-8-11-18-19
11.4819 1 1 1 3 10 360 1 951,7588,8112 0 4 3-1-7-9-10
11.4966 1 1 1 10 5 360 1 1628,6789,8270 0 5 10-9-7-3-4-5
11.5134 1 1 2 8 7 72 10 4034,5791 4152 4 8-11-10-9-7
11.5546 1 1 1 14 2 360 1 3599,5289,6319 1 3 14-8-7-2
11.5773 1 1 1 6 2 360 1 580,4071,7365 0 2 6-4-2
11.6258 1 1 1 3 2 360 1 67,3238,6118 0 2 3-7-2
11.6394 1 1 2 10 15 84 10 5023,5626 5022 5 10-11-8-14-12-15
11.6862 1 1 1 3 18 360 1 932,5805,7197 1 6 3-7-8-14-17-19-18
11.7 1 1 2 19 16 30 10 1715,6978 1714 2 19-17-16
11.7024 1 1 2 18 2 222 10 3437,7066 4220 4 18-11-10-4-2
11.7038 1 1 1 18 11 360 1 2389,4278,7178 0 5 18-19-17-14-8-11
11.7102 1 1 2 2 1 84 10 2780,3309 2779 1 2-1
11.7127 1 1 1 7 17 360 1 1763,4425,5882 0 6 7-9-10-11-18-19-17
11.737 1 1 1 8 3 360 1 1591,2835,7122 0 2 8-7-3
11.7395 1 1 2 4 14 336 10 2756,7062 4767 9 4-2-7-9-10-11-18-19-17-14
11.7798 1 1 2 18 12 12 10 1007,7599 1006 4 18-19-17-14-12
11.7886 1 1 1 1 15 360 1 3991,5429,6819 1 5 1-7-8-14-12-15
11.8016 1 1 2 14 3 276 10 4799,6979 5103 3 14-8-7-3
11.8026 1 1 2 16 3 12 10 4871,5999 4870 5 16-17-14-8-7-3
11.8029 1 0 1 5 18 360 1 2739,3304,3864 -1 -1 
11.8065 1 1 1 12 13 360 1 275,749,4668 0 1 12-13
11.8274 1 1 2 9 18 30 10 3041,4304 3040 3 9-10-11-18
11.8597 1 0 1 5 14 360 1 84,2112,4456 -1 -1 
11.8623 1 1 2 17 12 246 10 2275,5430 2432 2 17-14-12
11.8715 1 1 1 12 19 360 1 3755,4959,6309 0 3 12-14-17-19
11.9478 1 1 1 3 18 360 1 2042,2525,7525 1 6 3-7-8-14-17-19-18
11.9715 1 1 1 4 18 360 1 656,1564,1842 2 3 4-10-11-18
12.0269 1 1 2 15 12 24 10 4644,5699 4643 1 15-12
12.0726 1 1 2 6 16 228 10 6150,8320 6149 7 6-3-7-8-14-12-15-16
12.124 1 1 1 3 4 360 1 920,1985,7017 0 1 3-4
12.1416 1 1 2 7 14 198 10 3730,7007 3840 2 7-8-14
12.239 1 1 1 8 17 360 1 2371,3622,5373 0 5 8-14-12-15-16-17
12.3073 1 1 1 3 16 360 1 1140,3807,5110 2 6 3-7-8-14-12-15-16
12.3231 1 1 1 19 2 360 1 1907,3061,4654 0 5 19-18-11-10-4-2
12.3651 1 1 1 7 2 360 1 1379,5240,7005 0 1 7-2
12.4404 1 0 1 5 10 360 1 226,258,426 -1 -1 
12.451 1 1 1 13 3 360 1 4427,5418,6575 1 5 13-12-14-8-7-3
12.4763 1 0 2 10 13 252 10 551,884 -1 -1 
12.4864 1 1 2 11 18 18 10 966,4111 965 1 11-18
12.5055 1 1 1 9 11 360 1 514,5866,6705 0 3 9-7-8-11
12.5554 1 1 1 13 10 360 1 1836,3470,7768 2 5 13-12-14-8-11-10
12.5568 1 1 1 8 1 360 1 4627,5047,7409 1 2 8-7-1
12.5569 1 1 1 17 4 360 1 3994,5205,7229 1 5 17-14-8-7-3-4
12.5735 1 1 2 13 11 270 10 4106,4564 4367 6 13-15-16-17-19-18-11
12.6056 1 1 1 18 13 360 1 1661,2387,5317 0 5 18-19-17-16-15-13
12.6117 1 1 1 7 5 360 1 334,6918,6968 1 3 7-3-4-5
12.6233 1 1 1 19 15 360 1 1515,7919,8160 0 3 19-17-16-15
12.6333 1 1 1 15 9 360 1 43,4054,4992 0 7 15-16-17-19-18-11-10-9
12.6737 1 1 1 6 2 360 1 1693,3343,5234 0 2 6-4-2
12.6785 1 1 1 1 12 360 1 21,4334,7133 2 4 1-7-8-14-12
12.7038 1 1 2 14 2 12 10 544,1190 555 7 14-17-19-18-11-10-4-2
12.7196 1 1 1 16 10 360 1 5089,5338,8253 1 5 16-17-19-18-11-10
12.7446 1 1 1 9 19 360 1 5071,6623,6753 1 4 9-10-11-18-19
12.7551 1 1 1 7 8 360 1 2622,2779,3743 0 1 7-8
12.7638 1 1 2 12 2 258 10 3103,8226 5271 8 12-14-17-19-18-11-10-4-2
12.7639 1 1 1 19 4 360 1 987,5693,6639 1 4 19-18-11-10-4
12.8353 1 1 1 8 13 360 1 983,1999,7871 2 3 8-14-12-13
12.8732 1 1 2 8 10 66 10 1918,7608 1917 2 8-11-10
12.8962 1 1 2 12 1 78 10 1229,7901 1228 4 12-14-8-7-1
12.9121 1 1 1 5 13 360 1 1699,2249,3662 0 10 5-4-3-7-9-10-11-8-14-12-13
12.9375 1 1 1 11 8 360 1 2210,5957,8281 0 1 11-8
12.973 1 1 1 18 7 360 1 605,2099,8216 2 3 18-11-8-7
12.9769 1 1 1 1 5 360 1 322,4707,4901 1 3 1-3-4-5
13.0407 1 0 1 1 19 360 1 877,4606,5099 -1 -1 
13.0429 1 1 1 8 17 360 1 1804,3458,4074 0 4 8-11-18-19-17
13.0641 1 1 1 8 3 360 1 806,1432,3968 0 3 8-7-1-3
13.0896 1 1 1 17 18 360 1 1777,2456,4712 0 2 17-19-18
13.1045 1 1 1 10 7 360 1 1132,4910,7763 0 2 10-9-7
13.1374 1 1 1 12 19 360 1 4114,5589,6478 0 3 12-14-17-19
13.1511 1 1 2 19 14 42 10 3017,4661 3016 2 19-17-14
13.1722 1 1 1 9 4 360 1 2277,3827,7395 0 3 9-7-3-4
13.1813 1 1 1 12 19 360 1 2180,2544,7372 1 3 12-14-17-19
13.2319 1 0 1 9 13 360 1 536,1850,2974 -1 -1 
13.2792 1 1 1 7 13 360 1 3769,5825,7560 1 4 7-8-14-12-13
13.2824 1 1 1 12 16 360 1 606,5702,7700 0 2 12-15-16
13.3115 1 1 2 3 11 30 10 1866,5410 1865 4 3-7-9-10-11
13.3166 1 1 2 10 12 60 10 5834,8220 5833 4 10-11-8-14-12
13.3629 1 1 1 15 9 360 1 188,1982,7042 2 5 15-12-14-8-7-9
13.3701 1 1 1 14 5 360 1 1878,2213,7444 2 5 14-8-11-10-4-5
13.3912 1 1 1 10 12 360 1 2199,3664,6652 2 6 10-11-18-19-17-14-12
13.4049 1 1 1 6 9 360 1 2230,4639,7973 0 3 6-3-7-9
13.406 1 1 1 10 5 360 1 6252,7507,8080 0 2 10-4-5
13.4264 1 1 1 3 1 360 1 68,4391,4551 0 1 3-1
13.471 1 1 1 5 8 360 1 627,1136,3331 0 4 5-4-3-7-8
13.4803 1 1 1 6 10 360 1 1033,1296,3152 0 5 6-4-2-7-9-10
13.5184 1 0 1 13 10 360 1 3427,4940,6960 -1 -1 
13.5376 1 1 2 4 8 42 10 2513,3604 2512 3 4-3-7-8
13.5439 1 1 2 13 8 12 10 2935,3159 2934 3 13-12-14-8
13.5597 1 1 1 8 6 360 1 1153,2047,8222 2 3 8-7-3-6
13.5792 1 0 1 6 13 360 1 2176,3498,4368 -1 -1 
13.5799 1 1 1 10 15 360 1 1224,5783,5831 1 5 10-11-8-14-12-15
13.5831 1 1 1 8 18 360 1 1674,2699,8132 2 2 8-11-18
13.6095 1 1 2 1 14 150 10 24,7285 768 6 1-7-9-10-11-8-14
13.6265 1 1 2 9 1 102 10 5493,7208 5492 2 9-7-1
13.6489 1 1 1 3 19 360 1 2290,3260,8028 2 5 3-4-10-11-18-19
13.6802 1 1 1 3 15 360 1 2052,6223,8082 2 5 3-7-8-14-12-15
13.6894 1 1 2 19 2 12 10 1740,7488 1739 5 19-17-14-8-7-2
13.6955 1 1 1 6 9 360 1 1028,4420,5777 0 4 6-4-2-7-9
13.7201 1 0 1 19 6 360 1 1284,3716,3938 -1 -1 
13.7302 1 0 2 2 12 186 10 309,953 -1 -1 
13.7639 1 1 2 19 10 270 10 3746,6511 5312 3 19-18-11-10
13.7658 1 1 1 1 8 360 1 2585,3233,3629 0 2 1-7-8
13.7696 1 1 1 3 15 360 1 3937,5897,5972 1 5 3-7-8-14-12-15
13.8077 1 1 2 15 12 24 10 2538,8030 2537 1 15-12
13.8749 1 0 1 19 8 360 1 774,4322,5972 -1 -1 
13.8946 1 1 1 5 15 360 1 3137,5377,7114 2 7 5-4-3-7-8-14-12-15
13.8946 1 1 2 18 14 12 10 2510,8362 2509 3 18-19-17-14
13.915 1 1 1 7 14 360 1 2820,5731,8129 1 2 7-8-14
13.9573 1 1 1 5 16 360 1 4879,7382,7699 1 7 5-4-10-11-18-19-17-16
13.9696 1 1 2 15 8 144 10 5243,6156 5582 6 15-16-17-19-18-11-8
13.9809 1 1 1 9 3 360 1 4080,5560,5878 1 2 9-7-3
14.0107 1 0 1 14 6 360 1 392,1340,3297 -1 -1 
14.0142 1 1 2 3 8 258 10 5320,6251 5617 2 3-7-8
14.015 1 1 1 7 10 360 1 1010,1089,2030 0 2 7-9-10
14.0352 1 1 2 17 12 36 10 1524,4203 1523 3 17-16-15-12
14.0489 1 1 2 15 17 12 10 1353,2392 1352 2 15-16-17
14.0494 1 1 2 6 9 84 10 141,7361 140 3 6-4-10-9
14.065 1 1 1 19 17 360 1 54,485,1466 1 1 19-17
14.1266 1 1 1 17 7 360 1 1008,6895,7489 2 3 17-14-8-7
14.1333 1 1 1 18 16 360 1 5337,5784,8129 1 3 18-19-17-16
14.154 1 0 1 12 5 360 1 2906,5119,6071 -1 -1 
14.1607 1 1 1 2 18 360 1 1336,3962,5583 2 8 2-4-10-11-8-14-17-19-18
14.1652 1 1 2 17 10 60 10 2935,7566 2964 4 17-19-18-11-10
14.1686 1 1 1 3 12 360 1 2848,6222,7554 2 4 3-7-8-14-12
14.1716 1 1 1 16 14 360 1 680,5396,8220 1 2 16-17-14
14.2009 1 1 2 7 14 12 10 278,2620 277 7 7-9-10-11-18-19-17-14
14.2141 1 1 1 4 14 360 1 1793,1801,7074 2 4 4-3-7-8-14
14.2583 1 1 2 5 9 252 10 424,3084 705 4 5-4-2-7-9
14.2766 1 1 1 1 7 360 1 3059,6296,7639 0 1 1-7
14.2841 1 1 2 10 1 132 10 2722,6024 2721 3 10-9-7-1
14.2884 1 0 1 3 19 360 1 2906,4050,6059 -1 -1 
14.3071 1 1 1 9 16 360 1 2514,6720,6847 0 6 9-7-8-14-12-15-16
14.3097 1 0 1 7 19 360 1 1147,2362,2886 -1 -1 
14.3342 1 1 2 5 1 30 10 246,4812 245 3 5-4-2-1
14.4287 1 1 2 4 15 12 10 3361,6994 3360 7 4-10-11-18-19-17-16-15
14.4328 1 1 1 9 16 360 1 4593,5324,7546 2 5 9-7-8-14-17-16
14.4525 1 1 1 12 3 360 1 3571,6930,7147 2 4 12-14-8-7-3
14.459 1 1 1 11 2 360 1 1600,6338,6427 1 3 11-8-7-2
14.5399 1 0 1 10 18 360 1 990,4451,7025 -1 -1 
14.543 1 0 1 7 19 360 1 711,3588,5165 -1 -1 
14.5708 1 0 1 2 12 360 1 527,1363,1369 -1 -1 
14.6048 1 1 2 1 9 30 10 753,6717 752 4 1-3-4-10-9
14.605 1 0 1 14 18 360 1 739,1829,3985 -1 -1 
14.6224 1 0 1 9 17 360 1 1160,3371,3838 -1 -1 
14.6275 1 1 1 18 15 360 1 1492,3343,6559 2 4 18-19-17-16-15
14.6711 1 1 1 3 11 360 1 1304,5897,7295 1 3 3-4-10-11
14.6925 1 1 1 8 3 360 1 2326,4838,8107 2 2 8-7-3
14.7046 1 1 2 8 7 36 10 3067,7806 3066 1 8-7
14.7325 1 1 1 4 5 360 1 1267,2666,4355 0 1 4-5
14.7395 1 1 2 15 13 90 10 4516,6971 4515 2 15-12-13
14.7486 1 1 2 4 7 78 10 3568,5518 3567 2 4-3-7
14.7628 1 1 1 19 12 360 1 4319,4424,7681 2 3 19-17-14-12
14.7704 1 1 2 6 5 42 10 2828,8089 2827 2 6-4-5
14.8103 1 1 2 3 1 222 10 2080,6120 2079 1 3-1
14.8272 1 1 1 5 15 360 1 3682,6910,7011 2 7 5-4-3-7-8-14-12-15
14.8354 1 1 1 2 8 360 1 3899,4254,6016 1 2 2-7-8
14.8575 1 1 1 3 5 360 1 625,6910,8124 1 2 3-4-5
14.8639 1 1 2 4 18 24 10 5134,8269 5133 3 4-10-11-18
14.9073 1 1 1 5 8 360 1 2814,3667,5035 0 4 5-4-10-11-8
14.9148 1 1 1 12 13 360 1 3527,4199,7746 0 1 12-13
14.9217 1 1 1 10 14 360 1 3823,6271,8055 2 3 10-11-8-14
14.9411 1 1 1 8 1 360 1 5309,6758,7171 1 9 8-14-17-19-18-11-10-9-7-1
14.9587 1 1 1 17 13 360 1 3449,3771,8021 0 3 17-16-15-13
15.0215 1 1 2 8 14 36 10 6751,8198 6750 1 8-14
15.0756 1 1 2 14 11 36 10 3053,7202 3052 2 14-8-11
15.0937 1 1 2 13 17 54 10 3486,7177 3485 3 13-15-16-17
15.1034 1 0 1 18 16 360 1 1431,3721,6250 -1 -1 
15.1592 1 1 1 1 13 360 1 1114,3403,5739 2 8 1-7-9-10-11-8-14-12-13
15.2179 1 1 1 12 18 360 1 447,3506,8130 2 4 12-14-17-19-18
15.2397 1 0 2 19 13 306 10 958,988 -1 -1 
15.2575 1 1 1 11 8 360 1 854,3276,5076 0 1 11-8
15.2618 1 1 2 12 11 36 10 2323,2965 2336 3 12-14-8-11
15.3206 1 1 1 18 15 360 1 2652,4623,5551 2 4 18-19-17-16-15
15.3547 1 1 1 2 4 360 1 4016,7096,8220 0 3 2-7-3-4
15.3557 1 0 1 4 16 360 1 145,975,5874 -1 -1 
15.4197 1 1 2 6 9 24 10 1975,8592 1974 3 6-3-7-9
15.4293 1 0 1 8 14 360 1 2535,3960,4268 -1 -1 
15.4946 1 1 1 7 1 360 1 128,587,7323 0 1 7-1
15.5105 1 1 1 17 19 360 1 127,1188,1741 1 1 17-19
15.5449 1 1 1 5 3 360 1 239,3518,4629 2 2 5-4-3
15.5518 1 0 1 7 16 360 1 889,982,4987 -1 -1 
15.5573 1 1 2 17 14 18 10 4849,4974 4848 1 17-14
15.5663 1 1 1 2 15 360 1 3604,3930,8234 2 5 2-7-8-14-12-15
15.5996 1 1 1 7 5 360 1 458,2362,4754 2 3 7-3-4-5
15.6007 1 0 1 1 13 360 1 416,2383,6013 -1 -1 
15.6127 1 1 1 8 19 360 1 3222,5427,7284 2 3 8-14-17-19
15.6637 1 1 2 5 3 42 10 5571,5710 5570 2 5-4-3
15.6917 1 1 1 18 6 360 1 5851,6498,7828 1 4 18-11-10-4-6
15.6996 1 1 1 17 8 360 1 456,6272,7046 1 4 17-19-18-11-8
15.7107 1 1 1 18 5 360 1 4234,6223,6955 1 4 18-11-10-4-5
15.735 1 0 1 17 10 360 1 439,1094,1499 -1 -1 
15.7378 1 1 1 17 18 360 1 3860,6115,7174 1 2 17-19-18
15.7578 1 1 1 9 7 360 1 3244,6220,7907 0 1 9-7
15.7671 1 1 1 7 18 360 1 1038,6043,6860 2 4 7-9-10-11-18
15.774 1 0 1 5 15 360 1 732,1127,3880 -1 -1 
15.7775 1 1 2 7 10 66 10 657,3639 782 3 7-2-4-10
15.7844 1 1 1 10 7 360 1 205,593,7901 2 2 10-9-7
15.7852 1 1 1 14 16 360 1 1707,5407,6325 0 2 14-17-16
15.7957 1 1 1 5 2 360 1 195,2312,7256 2 2 5-4-2
15.8029 1 1 1 1 14 360 1 6049,6433,7763 1 3 1-7-8-14
15.8126 1 1 1 2 3 360 1 348,439,5923 0 2 2-1-3
15.8344 1 1 1 4 11 360 1 487,4109,4860 1 4 4-3-7-8-11
15.8347 1 1 1 15 12 360 1 1460,4050,5744 0 1 15-12
15.8599 1 1 2 13 4 174 10 3907,8041 4179 7 13-12-14-8-7-1-3-4
15.8628 1 1 1 10 15 360 1 91,2693,7935 2 5 10-11-8-14-12-15
15.8732 1 1 2 8 4 66 10 191,5217 190 3 8-11-10-4
15.907 1 1 1 1 3 360 1 313,1873,3758 0 1 1-3
15.9725 1 0 1 6 13 360 1 219,288,595 -1 -1 
15.9741 1 1 2 11 16 126 10 462,4548 565 5 11-8-14-12-15-16
16.005 1 1 2 17 2 156 10 922,3168 1116 6 17-19-18-11-8-7-2
16.0341 1 1 1 19 18 360 1 3794,5488,6790 2 1 19-18
16.0724 1 1 1 1 7 360 1 1898,3063,4137 0 1 1-7
16.0845 1 0 1 11 16 360 1 1575,2363,3599 -1 -1 
16.1368 1 1 1 2 11 360 1 73,5579,6838 2 3 2-4-10-11
16.1551 1 1 1 3 17 360 1 1940,6685,7290 1 6 3-4-10-11-18-19-17
16.1552 1 1 1 14 12 360 1 778,3847,5536 1 1 14-12
16.2009 1 0 1 5 17 360 1 1458,4646,5441 -1 -1 
16.2723 1 0 1 5 8 360 1 761,772,2387 -1 -1 
16.3069 1 0 1 14 9 360 1 498,3104,4628 -1 -1 
16.3264 1 1 1 8 5 360 1 2899,5710,7652 0 4 8-7-3-4-5
16.3333 1 1 2 11 17 162 10 3026,6929 3025 3 11-18-19-17
16.3527 1 1 1 7 12 360 1 2593,7020,7276 1 3 7-8-14-12
16.3932 1 0 1 11 18 360 1 2602,2659,5981 -1 -1 
16.396 1 1 1 8 2 360 1 3094,3252,6104 2 4 8-11-10-4-2
16.4005 1 1 1 17 3 360 1 3162,6272,8271 1 6 17-19-18-11-10-4-3
16.4041 1 1 1 4 15 360 1 3148,4320,8126 2 6 4-10-11-8-14-12-15
16.4136 1 1 2 14 3 18 10 1569,5528 1571 7 14-17-19-18-11-8-7-3
16.4236 1 1 1 18 19 360 1 1879,3489,4803 0 1 18-19
16.4255 1 1 2 4 8 108 10 2356,3290 2355 3 4-3-7-8
16.4319 1 1 1 2 11 360 1 1603,4257,5651 2 3 2-4-10-11
16.4711 1 0 2 17 8 318 10 3432,4109 -1 -1 
16.5102 1 0 2 17 11 330 10 2699,4821 -1 -1 
16.5632 1 0 2 9 19 312 10 937,1568 -1 -1 
16.5738 1 1 1 18 17 360 1 309,2084,3977 1 2 18-19-17
16.5928 1 0 1 11 13 360 1 128,1244,3765 -1 -1 
16.6132 1 1 1 13 16 360 1 2436,6871,7276 0 2 13-15-16
16.655 1 0 1 14 9 360 1 2192,5379,5869 -1 -1 
16.6734 1 1 2 1 17 66 10 1608,7448 1612 7 1-3-7-8-11-18-19-17
16.6793 1 1 1 8 4 360 1 1908,5193,6775 2 7 8-14-17-19-18-11-10-4
16.6983 1 1 2 7 19 60 10 4509,5261 4508 4 7-8-14-17-19
16.7074 1 1 2 10 11 12 10 5506,7594 5529 1 10-11
16.7232 1 1 2 14 3 12 10 3488,7138 3536 3 14-8-7-3
16.733 1 1 1 15 3 360 1 2552,5383,8009 2 5 15-12-14-8-7-3
16.733 1 0 1 16 3 360 1 1418,3342,5964 -1 -1 
16.7465 1 1 1 4 8 360 1 2862,4531,7983 0 3 4-10-11-8
16.7469 1 0 1 11 17 360 1 4477,5583,6013 -1 -1 
16.7664 1 0 2 12 3 168 10 944,1051 -1 -1 
16.7714 1 1 2 3 17 138 10 1459,4905 2516 7 3-7-9-10-11-18-19-17
16.7775 1 1 1 10 6 360 1 1614,4299,5825 1 4 10-9-7-3-6
16.7793 1 1 2 7 6 48 10 2947,5254 2946 2 7-3-6
16.7868 1 0 1 1 12 360 1 282,2892,3084 -1 -1 
16.7896 1 1 1 11 8 360 1 1964,4900,7707 1 1 11-8
16.8163 1 0 1 15 11 360 1 1471,4630,6003 -1 -1 
16.8421 1 1 1 12 13 360 1 116,3336,7252 0 1 12-13
16.854 1 1 1 9 8 360 1 789,2295,2762 2 2 9-7-8
16.8775 1 1 1 13 7 360 1 1149,1274,6318 2 4 13-12-14-8-7
16.903 1 1 1 4 6 360 1 902,3171,4486 0 1 4-6
16.9135 1 1 2 10 16 24 10 6488,7850 6487 5 10-11-18-19-17-16
16.9324 1 1 2 10 3 54 10 7043,8473 7042 2 10-4-3
16.9409 1 1 2 9 10 24 10 147,6330 146 1 9-10
17.0484 1 0 1 3 19 360 1 565,4106,4143 -1 -1 
17.0508 1 1 1 5 8 360 1 1070,2365,6993 2 4 5-4-3-7-8
17.1306 1 1 1 16 8 360 1 3248,6496,7212 1 4 16-15-12-14-8
17.1478 1 0 1 12 10 360 1 2165,4743,5391 -1 -1 
17.1502 1 1 2 13 4 54 10 3719,5788 3718 6 13-12-14-8-11-10-4
17.1975 1 1 2 17 19 48 10 1446,4121 1445 1 17-19
17.2336 1 1 1 19 15 360 1 2307,6613,7032 1 3 19-17-16-15
17.2769 1 1 1 18 17 360 1 4605,5454,6018 2 2 18-19-17
17.2947 1 0 1 3 13 360 1 1437,1950,5657 -1 -1 
17.2999 1 1 2 6 8 36 10 6485,8509 6484 3 6-3-7-8
17.3048 1 1 2 6 7 24 10 4750,6260 4749 2 6-3-7
17.3228 1 1 1 19 13 360 1 1656,5584,6713 1 4 19-17-16-15-13
17.3251 1 1 1 14 13 360 1 1333,7430,8166 0 2 14-12-13
17.3273 1 1 1 6 16 360 1 1163,5190,6416 2 7 6-3-7-8-14-12-15-16
17.3391 1 1 1 13 8 360 1 134,7350,7613 1 3 13-12-14-8
17.3533 1 1 2 16 8 18 10 807,6022 806 5 16-17-19-18-11-8
17.3796 1 1 1 8 10 360 1 260,2472,3157 1 3 8-7-9-10
17.3938 1 1 1 4 1 360 1 1096,2425,4267 0 2 4-3-1
17.3968 1 0 1 3 12 360 1 2170,3365,5742 -1 -1 
17.404 1 1 1 7 1 360 1 1467,7085,7457 0 1 7-1
17.4104 1 1 2 14 10 36 10 4787,6467 4817 3 14-8-11-10
17.437 1 1 2 2 13 108 10 1624,8215 2774 9 2-4-10-11-18-19-17-16-15-13
17.4597 1 1 1 2 5 360 1 684,5436,6590 1 2 2-4-5
17.4607 1 0 1 5 8 360 1 3351,4991,5273 -1 -1 
17.5268 1 1 2 18 17 42 10 476,3305 753 2 18-19-17
17.5326 1 0 1 16 18 360 1 1251,2094,5322 -1 -1 
17.5633 1 0 1 15 18 360 1 201,893,2496 -1 -1 
17.5989 1 1 1 15 6 360 1 5973,7213,8029 1 6 15-12-14-8-7-3-6
17.6303 1 1 1 12 11 360 1 591,5212,7040 2 3 12-14-8-11
17.6577 1 0 1 1 15 360 1 1304,2897,5306 -1 -1 
17.6583 1 0 1 8 16 360 1 720,2040,2570 -1 -1 
17.7111 1 1 1 1 9 360 1 2099,5669,7575 0 3 1-3-7-9
17.7274 1 0 1 13 3 360 1 1291,3612,5585 -1 -1 
17.7494 1 0 1 2 18 360 1 1671,1877,4787 -1 -1 
17.7585 1 0 1 11 12 360 1 678,1995,2458 -1 -1 
17.7603 1 0 2 19 10 258 10 2111,4499 -1 -1 
17.7698 1 1 1 1 12 360 1 2902,4220,6402 2 4 1-7-8-14-12
17.7804 1 1 2 16 12 144 10 5489,7628 5488 2 16-15-12
17.7813 1 1 1 9 2 360 1 992,4051,5801 0 2 9-7-2
17.837 1 1 2 9 19 18 10 5083,6206 5082 5 9-7-8-11-18-19
17.8964 1 1 1 3 5 360 1 2133,3863,4053 0 3 3-6-4-5
17.9234 1 1 2 1 10 300 10 5405,8019 5529 3 1-3-4-10
17.9318 1 0 1 11 5 360 1 1705,2610,2674 -1 -1 
17.9557 1 1 1 3 9 360 1 1692,6514,7608 1 2 3-7-9
17.9789 1 1 1 1 7 360 1 1470,2052,6154 0 1 1-7
17.995 1 0 2 11 15 168 10 675,791 -1 -1 
18.002 1 1 1 3 7 360 1 553,3321,7732 0 1 3-7
18.0101 1 1 2 18 4 12 10 4647,6658 4646 3 18-11-10-4
18.043 1 1 1 17 13 360 1 2998,7491,8021 0 3 17-16-15-13
18.0804 1 1 1 1 18 360 1 798,2108,6804 2 5 1-7-9-10-11-18
18.0938 1 1 1 1 17 360 1 3291,5849,6184 2 7 1-7-9-10-11-18-19-17
18.1376 1 1 2 14 10 162 10 1099,3275 3259 5 14-17-19-18-11-10
18.1423 1 1 2 4 2 24 10 397,3060 396 1 4-2
18.1827 1 0 1 12 7 360 1 1591,5285,6161 -1 -1 
18.1832 1 1 1 6 4 360 1 718,2649,3727 0 1 6-4
18.2316 1 1 1 17 5 360 1 51,6529,6776 1 6 17-19-18-11-10-4-5
18.2369 1 0 1 1 15 360 1 2458,5060,5606 -1 -1 
18.2721 1 0 1 12 1 360 1 1668,2798,5685 -1 -1 
18.2839 1 0 1 17 9 360 1 125,291,4522 -1 -1 
18.2981 1 1 1 17 13 360 1 3488,6177,7574 0 3 17-16-15-13
18.2986 1 1 2 9 15 36 10 1543,6843 1683 6 9-10-11-8-14-12-15
18.3263 1 0 1 18 16 360 1 2655,3358,5048 -1 -1 
18.3554 1 1 2 7 6 306 10 1117,1189 1116 3 7-2-4-6
18.3667 1 1 1 9 6 360 1 2127,7038,7507 0 4 9-7-2-4-6
18.4038 1 1 1 12 8 360 1 142,5123,6541 2 2 12-14-8
18.4383 1 0 1 13 4 360 1 1169,5574,5850 -1 -1 
18.4404 1 1 1 9 12 360 1 1046,5975,7119 2 4 9-7-8-14-12
18.4843 1 1 1 14 5 360 1 1907,5014,6326 2 5 14-8-11-10-4-5
18.5043 1 1 1 3 8 360 1 2180,3731,7717 2 2 3-7-8
18.5229 1 1 1 16 10 360 1 349,1068,7537 2 5 16-17-19-18-11-10
18.5309 1 1 1 16 17 360 1 100,1164,6647 0 1 16-17
18.5365 1 1 2 5 13 12 10 2450,6650 2449 7 5-4-10-11-8-14-12-13
18.5681 1 1 1 2 7 360 1 369,3091,5027 0 1 2-7
18.5788 1 1 2 5 15 54 10 108,7955 170 11 5-4-3-7-9-10-11-18-19-17-16-15
18.6214 1 1 2 18 11 120 10 2880,5062 3070 1 18-11
18.6482 1 1 1 14 2 360 1 6602,7346,7799 0 7 14-17-19-18-11-10-4-2
18.6783 1 1 1 3 9 360 1 3765,7281,7315 0 2 3-7-9
18.6788 1 1 1 7 2 360 1 1968,3465,6154 1 1 7-2
18.7026 1 1 1 15 2 360 1 1931,3694,8267 2 5 15-12-14-8-7-2
18.7082 1 0 1 8 12 360 1 1221,2564,4259 -1 -1 
18.7548 1 1 1 5 18 360 1 2682,5724,7679 2 4 5-4-10-11-18
18.758 1 1 2 19 14 66 10 923,5553 922 5 19-17-16-15-12-14
18.7788 1 0 1 13 18 360 1 1452,4864,5510 -1 -1 
18.7809 1 1 1 14 6 360 1 3192,4610,8163 2 4 14-8-7-3-6
18.7897 1 0 2 8 15 204 10 1449,3168 -1 -1 
18.7971 1 1 1 8 16 360 1 4349,4409,6692 2 3 8-14-17-16
18.8057 1 1 1 12 15 360 1 2391,4163,5114 0 1 12-15
18.8079 1 1 2 15 14 36 10 6237,8146 6236 3 15-16-17-14
18.8539 1 1 2 4 3 42 10 3744,6077 3743 1 4-3
18.8864 1 1 2 13 10 90 10 650,2731 1159 7 13-15-16-17-19-18-11-10
18.8927 1 1 1 6 16 360 1 939,4585,7482 2 6 6-3-7-8-14-17-16
18.9128 1 1 1 17 1 360 1 1475,3538,6671 2 7 17-19-18-11-10-9-7-1
18.9358 1 1 1 18 10 360 1 4315,6198,6573 1 2 18-11-10
18.9819 1 1 1 12 13 360 1 2375,3279,6912 0 1 12-13
18.9905 1 1 1 13 12 360 1 481,3292,7895 0 1 13-12
18.9979 1 1 1 4 3 360 1 460,2039,6714 0 2 4-6-3
19.0309 1 1 1 4 8 360 1 617,5387,7297 2 3 4-10-11-8
19.0436 1 1 1 13 2 360 1 2606,6041,6623 2 9 13-15-16-17-19-18-11-10-4-2
19.0805 1 1 2 17 3 48 10 4040,4272 4238 6 17-14-8-11-10-4-3
19.0841 1 1 1 8 19 360 1 2063,2118,7481 2 3 8-11-18-19
19.1022 1 1 1 2 18 360 1 5340,5558,6243 2 4 2-4-10-11-18
19.1465 1 0 1 18 1 360 1 2847,4005,7193 -1 -1 
19.1509 1 1 2 11 4 168 10 3172,5345 4380 2 11-10-4
19.1845 1 0 1 11 19 360 1 855,880,6904 -1 -1 
19.2041 1 1 2 18 3 30 10 6643,8500 6642 4 18-11-8-7-3
19.2137 1 1 2 16 9 54 10 3368,3710 3418 6 16-17-19-18-11-10-9
19.2506 1 1 2 3 13 66 10 2037,2907 2654 9 3-4-10-11-18-19-17-16-15-13
19.2777 1 0 1 9 14 360 1 2125,4038,6286 -1 -1 
19.2954 1 1 2 3 1 90 10 659,685 658 1 3-1
19.2973 1 0 1 8 19 360 1 1969,2200,3950 -1 -1 
19.3 1 1 1 15 12 360 1 3324,3783,7485 0 1 15-12
19.3468 1 1 1 9 18 360 1 1703,5363,6212 2 3 9-10-11-18
19.3627 1 1 2 6 5 204 10 793,7124 957 2 6-4-5
19.3811 1 0 1 13 5 360 1 951,2558,4558 -1 -1 
19.3815 1 1 2 10 2 78 10 21,4457 20 2 10-4-2
19.4195 1 1 1 9 17 360 1 677,5146,7604 2 4 9-7-8-14-17
19.4408 1 1 2 1 9 108 10 532,2061 531 2 1-7-9
19.4566 1 1 2 19 6 36 10 1475,3410 1474 7 19-18-11-8-7-2-4-6
19.459 1 1 2 13 19 30 10 4619,8244 4637 4 13-15-16-17-19
19.462 1 1 1 2 12 360 1 963,1404,6589 2 8 2-4-10-11-18-19-17-14-12
19.4648 1 1 1 13 17 360 1 2546,4579,7443 0 3 13-12-14-17
19.4895 1 1 2 14 13 234 10 1473,2725 1627 2 14-12-13
19.5218 1 0 1 6 15 360 1 2260,2350,6881 -1 -1 
19.534 1 1 1 19 13 360 1 1310,2451,5628 2 4 19-17-16-15-13
19.5526 1 1 1 16 13 360 1 333,4620,6241 0 2 16-15-13
19.5603 1 0 2 18 9 138 10 442,2261 -1 -1 
19.5718 1 1 2 15 6 126 10 540,4921 3088 7 15-12-14-8-11-10-4-6
19.5736 1 1 1 13 16 360 1 639,1702,6318 0 2 13-15-16
19.6022 1 1 1 8 5 360 1 473,4437,6312 2 4 8-11-10-4-5
19.6132 1 0 1 5 8 360 1 548,1356,1560 -1 -1 
19.6142 1 0 1 8 19 360 1 3374,3920,5248 -1 -1 
19.6178 1 1 2 2 4 12 10 985,1436 984 1 2-4
19.6234 1 1 2 12 2 18 10 2378,4428 2377 4 12-14-8-7-2
19.6289 1 0 1 7 11 360 1 1332,5042,6169 -1 -1 
19.6291 1 1 2 3 16 174 10 7173,8054 7292 7 3-4-10-11-18-19-17-16
19.6306 1 1 2 18 14 36 10 3358,3383 3372 3 18-19-17-14
19.6449 1 1 1 8 14 360 1 5166,5537,6353 2 1 8-14
19.6611 1 1 1 16 17 360 1 94,1108,3612 0 1 16-17
19.7025 1 1 1 8 3 360 1 2720,3658,5715 2 4 8-11-10-4-3
19.7065 1 1 2 6 11 162 10 3675,5999 4442 3 6-4-10-11
19.7507 1 1 1 4 1 360 1 5238,5943,8194 0 2 4-3-1
19.7873 1 1 1 1 3 360 1 177,2730,3829 0 1 1-3
19.8797 1 1 1 8 7 360 1 741,4904,5579 0 1 8-7
19.8871 1 1 1 3 7 360 1 1166,1252,2051 0 2 3-1-7
19.8895 1 1 2 9 15 18 10 961,1272 1035 5 9-7-8-14-12-15
19.9272 1 0 1 18 8 360 1 1229,3300,4921 -1 -1 
19.935 1 1 1 1 14 360 1 3200,5315,8154 2 3 1-7-8-14
19.9505 1 1 1 6 2 360 1 4158,7703,8115 0 3 6-3-7-2
20.0006 2 1 2 15 18 30 10 2595,6081 2593 4 15-16-17-19-18
