Arr_rate Arr_Time  arr_TS  is_acc  is_USST src  dest  dur  rate  ARopt  selectedOp  pathLen  path
0.172229 0 1 2 12 13 126 10 236,2842 236 1 12-13
0.272039 0 1 2 3 17 12 10 3531,5706 3531 4 3-7-8-14-17
0.314047 0 1 1 2 5 360 1 2346,3623,6893 0 2 2-4-5
0.594271 0 1 2 13 8 12 10 3542,4643 3542 3 13-12-14-8
0.606488 0 1 1 18 13 360 1 3160,3562,7915 0 5 18-19-17-16-15-13
0.667821 0 1 2 3 16 132 10 1889,7372 1889 5 3-7-8-14-17-16
0.697327 0 1 1 14 19 360 1 1328,1965,5800 0 2 14-17-19
0.782839 0 1 1 14 10 360 1 370,5414,7041 0 3 14-8-11-10
0.798699 0 1 2 9 14 78 10 733,1958 733 3 9-7-8-14
0.885958 0 1 2 14 15 216 10 2784,5716 2784 2 14-12-15
0.951302 0 1 1 11 15 360 1 1055,1747,5644 0 4 11-8-14-12-15
1.02407 0 1 2 13 6 42 10 641,8216 641 6 13-12-14-8-7-3-6
1.25716 0 1 2 7 17 18 10 3503,4112 3503 3 7-8-14-17
1.28721 0 1 1 13 9 360 1 3264,4110,5672 0 5 13-12-14-8-7-9
1.35764 0 1 1 19 18 360 1 3242,5904,7512 0 1 19-18
1.46984 0 1 2 13 19 24 10 1614,8336 1614 4 13-15-16-17-19
1.51047 0 1 2 6 2 156 10 28,4283 28 2 6-4-2
1.51751 0 1 1 18 8 360 1 1395,6303,6917 0 2 18-11-8
1.75494 0 1 1 12 19 360 1 366,3918,7464 0 3 12-14-17-19
1.76451 0 1 1 9 17 360 1 217,335,3399 0 4 9-7-8-14-17
1.86359 0 1 1 9 15 360 1 609,2283,4570 0 5 9-7-8-14-12-15
1.88427 0 1 2 3 11 30 10 948,2456 948 3 3-4-10-11
1.91317 0 1 2 17 5 300 10 6945,7657 6945 6 17-19-18-11-10-4-5
1.92999 0 1 2 16 1 192 10 5902,6103 5902 5 16-17-14-8-7-1
1.9423 0 1 1 15 1 360 1 4110,6416,7954 0 5 15-12-14-8-7-1
1.95661 0 1 1 15 2 360 1 1846,3614,4694 0 5 15-12-14-8-7-2
1.97897 0 1 1 16 17 360 1 2854,5289,7468 0 1 16-17
2.10878 0 1 1 12 16 360 1 1727,4550,7381 0 2 12-15-16
2.26216 0 1 1 18 16 360 1 48,1440,2801 0 3 18-19-17-16
2.38248 0 1 1 1 13 360 1 2763,2861,7131 0 5 1-7-8-14-12-13
2.4011 0 1 1 17 5 360 1 4530,5314,6201 0 6 17-19-18-11-10-4-5
2.5561 0 1 1 11 12 360 1 1899,4167,4332 0 3 11-8-14-12
2.56498 0 1 1 1 10 360 1 3159,4738,4787 0 3 1-7-9-10
2.63134 0 1 2 18 11 276 10 4847,7637 4847 1 18-11
2.76753 0 1 1 1 16 360 1 144,5363,6892 0 5 1-7-8-14-17-16
2.92789 0 1 1 1 18 360 1 715,3145,6839 0 4 1-7-8-11-18
2.93661 0 1 2 10 11 12 10 1525,3506 1525 1 10-11
3.16502 0 1 1 14 4 360 1 29,68,6893 0 4 14-8-11-10-4
3.24424 0 1 2 8 9 348 10 3903,7555 3903 2 8-7-9
3.36012 0 1 1 17 10 360 1 5141,6894,7003 0 4 17-19-18-11-10
3.36188 0 1 2 8 16 144 10 849,5120 849 3 8-14-17-16
3.3823 0 1 2 6 14 102 10 1,5509 1 4 6-3-7-8-14
3.56346 0 1 1 5 19 360 1 1109,4432,6261 0 5 5-4-10-11-18-19
3.60421 0 1 2 4 3 330 10 4440,7895 4440 1 4-3
3.66801 0 1 1 10 8 360 1 4065,7378,8212 0 2 10-11-8
3.71474 0 1 1 12 3 360 1 373,2579,5508 0 4 12-14-8-7-3
3.78242 0 1 1 14 18 360 1 3019,3706,4268 0 3 14-17-19-18
4.06263 0 1 2 3 13 240 10 2460,7359 2460 5 3-7-8-14-12-13
4.08117 0 1 1 19 4 360 1 364,6826,8266 0 4 19-18-11-10-4
4.19909 0 1 2 15 6 54 10 6102,7899 6102 6 15-12-14-8-7-3-6
4.30746 0 1 2 10 15 336 10 1530,2282 1530 5 10-11-8-14-12-15
4.41039 0 1 1 7 16 360 1 513,7956,8105 0 4 7-8-14-17-16
4.46318 0 1 1 11 17 360 1 2819,4206,5839 0 3 11-18-19-17
4.47158 0 1 1 5 13 360 1 3071,3454,4484 0 7 5-4-10-11-8-14-12-13
4.47211 0 1 1 14 10 360 1 1704,2756,6465 0 3 14-8-11-10
4.52672 0 1 2 10 14 42 10 2423,3825 2423 3 10-11-8-14
4.74283 0 1 2 5 10 12 10 1063,1182 1063 2 5-4-10
4.79511 0 1 1 18 17 360 1 376,5205,6153 0 2 18-19-17
4.84445 0 1 1 6 18 360 1 873,3922,4175 0 4 6-4-10-11-18
4.92598 0 1 1 9 3 360 1 1169,1207,7998 0 2 9-7-3
4.92607 0 1 1 18 6 360 1 5547,6340,6690 0 4 18-11-10-4-6
5.04057 0 1 2 6 19 78 10 5000,8148 5000 5 6-4-10-11-18-19
5.088 0 1 1 6 3 360 1 2879,3160,7648 0 1 6-3
5.11964 0 1 1 9 15 360 1 4737,5543,7168 0 5 9-7-8-14-12-15
5.13938 0 1 2 16 3 12 10 1565,6095 1565 5 16-17-14-8-7-3
5.26904 0 1 1 13 15 360 1 738,3628,6985 0 1 13-15
5.27023 0 1 1 7 18 360 1 6389,6813,7039 0 3 7-8-11-18
5.28688 0 1 1 18 13 360 1 988,2749,7788 0 5 18-19-17-16-15-13
5.30176 0 1 1 4 18 360 1 2017,3809,6182 0 3 4-10-11-18
5.5383 0 1 1 13 8 360 1 2298,4097,5920 0 7 13-15-16-17-19-18-11-8
5.67195 0 1 1 19 9 360 1 717,1755,7948 0 4 19-18-11-10-9
5.7656 0 1 1 19 13 360 1 4208,6072,8093 0 4 19-17-16-15-13
5.89314 0 1 1 12 11 360 1 1495,6492,7208 0 3 12-14-8-11
6.0278 0 1 1 4 7 360 1 1619,5123,7137 0 2 4-3-7
6.03025 0 1 1 15 13 360 1 258,1730,4174 0 1 15-13
6.15811 0 1 1 15 7 360 1 4302,4307,6938 0 4 15-12-14-8-7
6.2036 0 1 2 7 15 24 10 465,5932 465 4 7-8-14-12-15
6.27649 0 1 2 12 17 36 10 191,8231 191 2 12-14-17
6.3414 0 1 1 16 15 360 1 209,4130,4145 0 1 16-15
6.36866 0 1 1 14 5 360 1 1534,1583,7598 0 5 14-8-7-3-4-5
6.54138 0 1 2 15 12 12 10 1991,8306 1991 1 15-12
6.64358 0 1 2 1 16 42 10 1652,6329 1652 5 1-7-8-14-17-16
6.66746 0 1 1 17 13 360 1 157,3894,5068 0 3 17-16-15-13
6.69607 0 1 1 11 10 360 1 795,1024,1606 0 1 11-10
6.71714 0 1 2 5 6 342 10 1069,1676 1069 2 5-4-6
7.00568 0 1 1 12 10 360 1 716,3053,6635 0 4 12-14-8-11-10
7.13926 0 1 1 15 17 360 1 858,4331,4770 0 2 15-16-17
7.1807 0 1 1 10 4 360 1 4521,5229,6498 0 1 10-4
7.22206 0 1 1 19 9 360 1 1005,1289,1931 0 4 19-18-11-10-9
7.24234 0 1 2 1 6 228 10 6530,6820 6530 2 1-3-6
7.27821 0 1 2 13 10 12 10 1186,3087 1186 5 13-12-14-8-11-10
7.29014 0 1 1 11 7 360 1 2729,4407,7662 0 2 11-8-7
7.29419 0 1 1 16 17 360 1 992,6289,6887 0 1 16-17
7.34924 0 1 1 4 11 360 1 2948,5133,6465 0 2 4-10-11
7.40533 0 1 1 10 11 360 1 2106,3804,5370 0 1 10-11
7.43472 0 1 1 19 5 360 1 1095,5036,6779 0 5 19-18-11-10-4-5
7.54248 0 1 1 14 3 360 1 229,4943,7729 0 3 14-8-7-3
7.72899 0 1 2 5 1 60 10 4031,6837 4031 3 5-4-3-1
7.88351 0 1 2 5 9 336 10 97,1608 97 3 5-4-10-9
7.92495 0 1 1 6 7 360 1 653,3662,6552 0 2 6-3-7
7.93176 0 1 1 18 4 360 1 1224,5764,5811 0 5 18-11-8-7-3-4
7.96563 0 1 2 15 9 180 10 4362,7707 4362 5 15-12-14-8-7-9
8.09833 0 1 1 4 15 360 1 498,4590,8013 0 6 4-10-11-8-14-12-15
8.18282 0 1 1 9 6 360 1 1809,6313,6690 0 3 9-10-4-6
8.22864 0 1 1 9 11 360 1 534,2690,4374 0 2 9-10-11
8.28508 0 1 1 17 8 360 1 161,2852,6663 0 2 17-14-8
8.41214 0 1 1 1 15 360 1 80,1333,6181 0 5 1-7-8-14-12-15
8.41604 0 1 1 2 7 360 1 3833,4782,6879 0 1 2-7
8.44562 0 1 1 8 19 360 1 1142,4964,7479 0 3 8-11-18-19
8.497 0 1 1 6 16 360 1 276,3885,8078 0 6 6-3-7-8-14-17-16
8.5085 0 1 1 15 11 360 1 435,5369,5700 0 4 15-12-14-8-11
8.81654 0 1 1 12 15 360 1 1174,1495,6263 0 1 12-15
9.12419 0 1 2 16 17 216 10 1532,3912 1532 1 16-17
9.30511 0 1 2 6 2 108 10 3335,4345 3335 2 6-4-2
9.66392 0 1 2 1 8 18 10 741,2031 741 2 1-7-8
9.69278 0 1 2 14 16 12 10 1921,1978 1921 2 14-17-16
9.7545 0 1 1 9 4 360 1 2458,4484,7407 0 2 9-10-4
10.0592 1 1 1 3 11 360 1 4094,5046,8245 0 3 3-4-10-11
10.0639 1 1 2 2 18 108 10 5895,6412 5894 4 2-4-10-11-18
10.0804 1 1 1 19 18 360 1 2766,7275,7325 0 1 19-18
10.1146 1 1 1 14 4 360 1 1173,1654,4884 0 4 14-8-7-3-4
10.3071 1 1 1 14 4 360 1 541,4845,6381 0 4 14-8-11-10-4
10.338 1 1 1 19 7 360 1 1939,4446,5757 0 4 19-17-14-8-7
10.391 1 1 1 7 12 360 1 318,3252,3772 0 3 7-8-14-12
10.4858 1 1 1 15 8 360 1 2568,7403,7443 0 3 15-12-14-8
10.5287 1 1 2 7 4 66 10 3471,7284 3470 2 7-3-4
10.5371 1 1 1 16 8 360 1 4002,5581,6955 0 3 16-17-14-8
10.606 1 1 1 9 1 360 1 4321,5098,6627 0 2 9-7-1
10.6913 1 1 2 11 12 66 10 2,7702 1 3 11-8-14-12
10.8358 1 1 2 12 5 102 10 902,6344 901 6 12-14-8-11-10-4-5
11.0432 1 1 1 14 13 360 1 3548,5070,5806 0 2 14-12-13
11.1054 1 1 1 4 1 360 1 484,1652,3526 0 2 4-3-1
11.1734 1 1 2 11 13 186 10 546,3914 545 4 11-8-14-12-13
11.2909 1 1 1 16 12 360 1 805,3544,3651 0 2 16-15-12
11.3722 1 1 1 10 3 360 1 410,4235,6354 0 2 10-4-3
11.5419 1 1 2 14 6 138 10 337,3812 336 4 14-8-7-3-6
11.594 1 1 1 3 18 360 1 1090,6678,7827 0 4 3-4-10-11-18
11.6119 1 1 1 10 16 360 1 1670,2127,4120 1 5 10-11-18-19-17-16
11.6355 1 1 1 16 3 360 1 2368,2975,6405 0 7 16-17-19-18-11-8-7-3
11.6442 1 1 1 3 9 360 1 4172,5930,7843 0 2 3-7-9
11.6983 1 1 1 14 11 360 1 4711,5100,6206 0 2 14-8-11
11.7618 1 1 1 11 6 360 1 3204,4027,5049 0 3 11-10-4-6
11.7896 1 1 1 3 5 360 1 1027,1071,7295 2 2 3-4-5
11.8399 1 1 1 6 12 360 1 1709,4467,7145 0 5 6-3-7-8-14-12
11.9166 1 1 1 15 8 360 1 2037,3764,5845 0 3 15-12-14-8
12.0404 1 1 2 17 9 66 10 475,4525 474 4 17-14-8-7-9
12.1629 1 1 1 14 13 360 1 130,2180,6334 0 2 14-12-13
12.2787 1 1 2 18 7 180 10 117,2025 116 3 18-11-8-7
12.3808 1 1 2 15 2 126 10 1990,7621 1989 5 15-12-14-8-7-2
12.4524 1 1 2 15 2 12 10 3210,7343 3209 5 15-12-14-8-7-2
12.5158 1 1 2 8 16 30 10 457,7955 456 5 8-11-18-19-17-16
12.5478 1 1 1 12 9 360 1 1287,7796,7891 0 4 12-14-8-7-9
12.6439 1 1 2 7 9 174 10 7368,8261 7367 1 7-9
12.7233 1 1 2 12 8 66 10 5673,6272 5672 2 12-14-8
12.7895 1 1 1 10 6 360 1 2903,5850,6598 0 2 10-4-6
12.8089 1 1 1 3 15 360 1 4918,5913,6762 0 5 3-7-8-14-12-15
12.8649 1 1 2 4 11 252 10 695,5777 694 2 4-10-11
12.908 1 1 1 1 6 360 1 352,869,981 0 2 1-3-6
12.9212 1 1 1 12 15 360 1 4153,4424,7834 0 1 12-15
12.9337 1 1 2 11 6 174 10 621,2991 620 3 11-10-4-6
12.9647 1 1 1 10 17 360 1 5762,5909,7174 0 4 10-11-18-19-17
13.1141 1 1 2 3 19 168 10 2684,6256 2683 5 3-4-10-11-18-19
13.3081 1 1 1 18 1 360 1 838,3164,5397 0 4 18-11-8-7-1
13.3755 1 1 1 6 17 360 1 633,3229,7004 0 6 6-4-10-11-18-19-17
13.3968 1 1 1 6 8 360 1 316,2179,8172 0 3 6-3-7-8
13.4152 1 1 1 1 3 360 1 1999,2890,4184 0 1 1-3
13.4494 1 1 2 16 18 18 10 4503,6897 4502 3 16-17-19-18
13.5556 1 1 2 8 6 84 10 1201,4428 1200 3 8-7-3-6
13.6052 1 1 1 5 8 360 1 3366,6755,6909 0 4 5-4-10-11-8
14.3029 1 1 2 1 16 66 10 225,4262 224 5 1-7-8-14-17-16
14.3834 1 1 1 5 16 360 1 198,3635,4390 0 7 5-4-10-11-18-19-17-16
14.4662 1 1 2 4 17 36 10 3771,5615 3770 5 4-10-11-18-19-17
14.4739 1 1 1 18 16 360 1 1508,2173,5806 0 6 18-19-17-14-12-15-16
14.6837 1 1 1 3 18 360 1 302,1532,2711 0 4 3-4-10-11-18
14.7946 1 1 2 6 17 90 10 404,6155 403 6 6-4-10-11-18-19-17
14.8125 1 1 1 16 19 360 1 240,1438,4068 1 5 16-15-12-14-17-19
14.9042 1 1 1 9 14 360 1 251,4817,5300 1 3 9-7-8-14
14.9118 1 1 1 3 16 360 1 1453,3350,7531 0 10 3-7-8-11-18-19-17-14-12-15-16
14.9676 1 1 2 3 4 12 10 1516,6839 1515 1 3-4
15.0093 1 1 1 16 12 360 1 1820,6272,6507 0 3 16-15-13-12
15.2782 1 1 1 9 16 360 1 1035,1213,2233 0 5 9-7-8-14-17-16
15.3117 1 1 1 15 12 360 1 24,5627,6678 0 1 15-12
15.3545 1 1 1 3 17 360 1 4294,5193,7612 0 4 3-7-8-14-17
15.3907 1 1 1 18 15 360 1 268,3991,7701 1 4 18-19-17-16-15
15.4366 1 1 2 8 13 36 10 23,5635 22 7 8-11-18-19-17-16-15-13
15.4627 1 1 1 1 19 360 1 191,1786,2592 1 5 1-7-8-11-18-19
15.4653 1 1 1 5 16 360 1 5147,5771,7899 0 7 5-4-10-11-18-19-17-16
15.4756 1 1 1 9 19 360 1 2302,2338,4717 0 4 9-10-11-18-19
15.6145 1 1 2 10 16 18 10 2732,3645 2731 5 10-11-18-19-17-16
15.6735 1 1 1 12 15 360 1 3048,7043,7358 0 1 12-15
15.6842 1 1 2 8 18 42 10 3722,5943 3721 2 8-11-18
15.7232 1 1 1 9 7 360 1 2796,3679,7625 0 1 9-7
15.7508 1 1 1 8 3 360 1 1523,3470,4290 0 2 8-7-3
15.8213 1 1 1 9 10 360 1 2064,5370,6086 0 1 9-10
16.0921 1 1 2 2 5 24 10 5743,5781 5742 2 2-4-5
16.1337 1 1 1 2 8 360 1 243,4118,5650 0 2 2-7-8
16.2187 1 1 1 19 2 360 1 930,2838,6443 0 5 19-17-14-8-7-2
16.3016 1 1 2 7 2 72 10 346,4319 345 1 7-2
16.3295 1 1 2 5 8 138 10 2899,7658 2898 4 5-4-10-11-8
16.3336 1 1 1 19 12 360 1 522,3122,4913 0 3 19-17-14-12
16.351 1 1 1 19 16 360 1 1837,4631,5866 0 8 19-18-11-8-14-12-13-15-16
16.3751 1 1 1 13 12 360 1 2267,3631,5606 0 1 13-12
16.3881 1 1 1 8 3 360 1 221,2717,5500 0 2 8-7-3
16.4141 1 1 2 7 5 120 10 2382,3218 2381 3 7-3-4-5
16.576 1 1 1 10 6 360 1 3160,3735,7284 0 2 10-4-6
16.7699 1 1 2 1 15 30 10 669,5843 668 8 1-7-8-11-18-19-17-16-15
16.8072 1 1 1 17 6 360 1 2021,3508,7607 0 5 17-14-8-7-3-6
16.8765 1 1 1 4 13 360 1 2718,2974,6876 0 6 4-3-7-8-14-12-13
16.9261 1 1 2 5 8 96 10 4518,5893 4517 4 5-4-10-11-8
17.1663 1 1 1 6 3 360 1 4368,4876,6533 0 1 6-3
17.282 1 1 1 11 6 360 1 566,4227,5645 0 3 11-10-4-6
17.2924 1 1 1 5 15 360 1 1678,2105,7913 1 8 5-4-10-11-18-19-17-16-15
17.3009 1 1 1 18 13 360 1 1135,1356,1571 0 5 18-19-17-16-15-13
17.334 1 1 2 7 4 72 10 2300,5478 2299 2 7-3-4
17.4026 1 1 2 11 4 84 10 1529,7812 1528 4 11-8-7-3-4
17.7482 1 1 2 17 8 18 10 5568,7884 5567 2 17-14-8
17.916 1 1 1 15 1 360 1 761,2635,6147 0 5 15-12-14-8-7-1
18.257 1 1 2 2 19 42 10 363,1374 362 6 2-7-9-10-11-18-19
18.265 1 1 1 1 12 360 1 1016,1532,4094 0 4 1-7-8-14-12
18.3911 1 1 1 5 2 360 1 65,2236,6867 0 2 5-4-2
18.4286 1 1 2 13 11 18 10 6402,8415 6401 4 13-12-14-8-11
18.6311 1 1 1 19 12 360 1 482,2528,3625 1 3 19-17-14-12
18.7273 1 1 1 2 10 360 1 3030,5269,7357 0 2 2-4-10
18.7355 1 1 1 12 19 360 1 1416,3614,4627 0 3 12-14-17-19
18.7707 1 1 1 9 15 360 1 488,1020,3206 1 5 9-7-8-14-12-15
18.8827 1 1 1 8 5 360 1 1429,5407,5847 1 4 8-11-10-4-5
19.0472 1 1 1 9 11 360 1 7,1654,5259 0 2 9-10-11
19.2844 1 1 2 5 7 90 10 1317,3064 1316 3 5-4-3-7
19.3303 1 1 1 8 18 360 1 2735,4115,7790 1 2 8-11-18
19.5403 1 1 1 10 12 360 1 4499,5944,8087 0 4 10-11-8-14-12
19.5811 1 1 1 17 9 360 1 307,2769,2784 1 4 17-14-8-7-9
19.7361 1 1 1 6 13 360 1 3904,4245,4951 0 6 6-3-7-8-14-12-13
19.9485 1 1 2 13 9 42 10 3056,5107 3055 5 13-12-14-8-7-9
20.1192 2 1 1 1 4 360 1 1128,2169,3802 0 2 1-3-4
20.3838 2 1 2 16 12 42 10 2045,6287 2043 2 16-15-12
20.4348 2 1 2 5 2 12 10 2084,5928 2082 2 5-4-2
20.4888 2 1 2 2 9 12 10 6457,6602 6455 2 2-7-9
20.5689 2 1 1 3 8 360 1 1561,2481,5402 1 2 3-7-8
20.7046 2 1 1 2 7 360 1 1852,6727,6890 0 1 2-7
20.8147 2 1 2 7 18 18 10 2217,5232 2215 3 7-8-11-18
20.9693 2 1 2 5 17 36 10 1214,7585 1212 6 5-4-10-11-18-19-17
21.0571 2 1 2 14 19 54 10 1956,5299 1954 2 14-17-19
21.1347 2 1 2 19 8 306 10 1724,4310 1722 3 19-18-11-8
21.1481 2 1 1 15 2 360 1 664,6206,7521 1 5 15-12-14-8-7-2
21.165 2 1 1 7 17 360 1 1910,2647,3744 0 5 7-8-11-18-19-17
21.3717 2 1 1 8 7 360 1 402,1020,6676 1 1 8-7
21.4136 2 1 1 4 18 360 1 1996,2529,4803 0 3 4-10-11-18
21.5339 2 1 1 5 17 360 1 2879,4278,4954 0 6 5-4-10-11-18-19-17
21.6268 2 1 1 7 11 360 1 1266,2065,3178 1 2 7-8-11
21.6523 2 1 2 18 3 18 10 335,5228 333 4 18-11-8-7-3
21.7486 2 1 1 15 17 360 1 1183,5231,6363 0 2 15-16-17
21.778 2 1 1 14 19 360 1 1046,3747,7750 0 2 14-17-19
21.7941 2 1 1 17 11 360 1 1586,3884,5826 0 3 17-19-18-11
21.8056 2 1 1 15 16 360 1 2464,4170,6844 0 1 15-16
21.8165 2 1 1 4 1 360 1 2073,2704,4089 0 2 4-3-1
21.8651 2 1 1 8 10 360 1 1004,1545,8057 0 2 8-11-10
21.8822 2 1 1 16 12 360 1 4270,5755,6531 0 2 16-15-12
22.154 2 1 2 11 8 270 10 4043,7136 4041 1 11-8
22.2037 2 1 1 17 4 360 1 742,4013,8238 0 5 17-19-18-11-10-4
22.2283 2 1 1 12 2 360 1 3493,5942,6655 0 4 12-14-8-7-2
22.32 2 1 1 1 4 360 1 2112,2318,4000 0 2 1-3-4
22.3762 2 1 1 6 17 360 1 1892,3417,6557 0 6 6-4-10-11-18-19-17
22.5036 2 1 2 14 4 108 10 697,3284 757 4 14-8-7-3-4
22.6655 2 1 2 13 4 138 10 2301,3914 2299 6 13-12-14-8-11-10-4
22.7586 2 1 2 15 3 258 10 1485,4823 1575 9 15-12-14-17-19-18-11-10-4-3
22.8936 2 1 2 12 19 12 10 1417,4297 1415 3 12-14-17-19
22.9666 2 1 2 15 2 120 10 797,4789 809 8 15-16-17-19-18-11-8-7-2
23.0858 2 1 1 10 1 360 1 3212,4076,4828 0 3 10-9-7-1
23.5315 2 1 1 4 17 360 1 4454,7446,8076 0 5 4-10-11-18-19-17
23.6772 2 1 1 18 5 360 1 530,5733,7313 1 4 18-11-10-4-5
23.7515 2 1 2 6 16 18 10 4893,5468 4891 6 6-3-7-8-14-17-16
23.764 2 1 1 9 7 360 1 3030,5354,5464 0 1 9-7
23.9708 2 1 1 15 4 360 1 999,1193,4496 0 6 15-12-14-8-11-10-4
24.0455 2 1 2 18 14 30 10 2610,3461 2608 3 18-19-17-14
24.0842 2 1 1 3 11 360 1 3624,5320,5623 0 3 3-4-10-11
24.1585 2 1 1 3 16 360 1 1973,2267,3407 0 7 3-4-10-11-18-19-17-16
24.4026 2 1 1 10 5 360 1 1373,1570,5343 1 2 10-4-5
24.501 2 1 2 11 18 54 10 423,3407 485 1 11-18
24.5291 2 1 1 5 15 360 1 2466,3332,3654 0 7 5-4-3-7-8-14-12-15
24.7971 2 1 1 8 14 360 1 4054,5363,5723 0 1 8-14
25.3127 2 1 1 17 9 360 1 1665,3949,6250 1 4 17-14-8-7-9
25.3647 2 1 2 11 13 66 10 881,1403 879 6 11-18-19-17-14-12-13
25.3691 2 1 2 7 8 198 10 1756,7239 1754 1 7-8
25.4163 2 1 1 12 15 360 1 613,2281,3498 0 1 12-15
25.4506 2 1 2 2 4 138 10 5390,7539 5388 1 2-4
25.7471 2 1 1 1 4 360 1 2385,3748,5437 0 2 1-3-4
25.763 2 1 2 2 9 66 10 3367,5073 3365 2 2-7-9
25.874 2 1 2 15 13 30 10 3455,5471 3453 1 15-13
25.9944 2 1 1 8 17 360 1 5663,6284,6617 0 2 8-14-17
26.062 2 1 1 12 10 360 1 2979,5089,7409 0 4 12-14-8-11-10
26.2139 2 1 1 4 16 360 1 5169,5909,6213 0 6 4-10-11-18-19-17-16
26.3485 2 1 1 16 8 360 1 3657,5538,6626 0 3 16-17-14-8
26.4682 2 1 1 7 4 360 1 1460,2645,4738 0 2 7-2-4
26.6811 2 1 1 14 7 360 1 3177,4570,7042 0 2 14-8-7
26.7359 2 1 2 3 9 294 10 2504,6035 2502 2 3-7-9
26.7757 2 1 2 18 14 72 10 1820,6382 1833 3 18-19-17-14
26.8442 2 1 2 4 2 138 10 2001,5213 1999 1 4-2
27.2421 2 1 1 7 1 360 1 435,3238,6825 0 1 7-1
27.4478 2 1 2 3 19 150 10 322,1201 492 5 3-4-10-11-18-19
27.4894 2 1 1 18 7 360 1 2249,5013,6735 0 3 18-11-8-7
27.5473 2 1 1 19 15 360 1 1856,3811,6015 1 3 19-17-16-15
27.6997 2 1 1 15 6 360 1 202,5676,6062 1 6 15-12-14-8-7-3-6
27.7151 2 1 2 2 4 240 10 22,5738 20 1 2-4
27.766 2 1 1 13 4 360 1 3368,5938,6764 0 6 13-12-14-8-11-10-4
28.0729 2 1 1 4 17 360 1 146,2387,6709 2 5 4-10-11-18-19-17
28.1457 2 1 2 15 10 96 10 1075,6830 1073 5 15-12-14-8-11-10
28.4856 2 1 2 4 7 174 10 2837,7217 2835 2 4-3-7
28.5303 2 1 1 19 11 360 1 4652,4901,5780 0 2 19-18-11
28.5304 2 1 1 18 2 360 1 365,2988,5580 1 4 18-11-8-7-2
28.5317 2 1 1 11 6 360 1 1578,2209,3556 0 3 11-10-4-6
28.5697 2 1 2 16 2 198 10 4523,5324 4521 5 16-17-14-8-7-2
28.6251 2 1 1 12 9 360 1 745,1937,2646 0 5 12-14-8-11-10-9
28.7155 2 1 1 18 19 360 1 432,3685,7358 1 1 18-19
28.9001 2 1 1 9 2 360 1 1848,5165,7693 0 2 9-7-2
28.9394 2 1 1 11 16 360 1 2122,4499,5530 0 4 11-18-19-17-16
28.9636 2 1 1 8 14 360 1 2408,2888,3836 1 1 8-14
29.0146 2 1 1 14 1 360 1 2462,4905,7050 1 3 14-8-7-1
29.1866 2 1 1 8 17 360 1 27,6154,7602 0 4 8-11-18-19-17
29.2348 2 1 1 16 2 360 1 85,1843,5511 2 5 16-17-14-8-7-2
29.2762 2 1 1 19 14 360 1 4541,5807,6281 0 2 19-17-14
29.4045 2 1 2 7 8 198 10 1888,3760 1886 4 7-9-10-11-8
29.4215 2 1 1 4 7 360 1 185,1895,5462 0 2 4-2-7
29.5026 2 1 1 11 17 360 1 4577,5551,6512 0 3 11-18-19-17
29.671 2 1 2 12 1 96 10 5845,7911 5843 4 12-14-8-7-1
29.7078 2 1 2 17 2 150 10 1867,2675 1905 6 17-19-18-11-10-4-2
29.7701 2 1 1 13 15 360 1 3641,5116,5182 0 1 13-15
29.8077 2 1 1 11 15 360 1 5458,6563,7364 0 4 11-8-14-12-15
29.83 2 1 2 2 11 36 10 5368,7828 5366 3 2-4-10-11
29.834 2 1 1 10 3 360 1 3502,5364,6507 0 2 10-4-3
30.0122 3 1 2 18 9 90 10 281,1645 538 4 18-11-8-7-9
30.0279 3 1 1 16 9 360 1 4162,7274,7824 0 5 16-17-14-8-7-9
30.063 3 1 1 3 17 360 1 1612,6863,7384 1 4 3-7-8-14-17
30.0923 3 1 2 6 7 24 10 1800,5216 1797 2 6-3-7
30.1279 3 1 2 17 19 36 10 3988,7398 3985 1 17-19
30.132 3 1 2 13 12 252 10 846,6834 843 1 13-12
30.255 3 1 2 16 1 24 10 6070,6991 6067 5 16-17-14-8-7-1
30.3034 3 1 1 9 19 360 1 3835,4238,7110 0 4 9-10-11-18-19
30.3637 3 1 1 1 9 360 1 2447,5763,6790 0 2 1-7-9
30.3849 3 1 2 2 14 72 10 2843,5205 2840 3 2-7-8-14
30.4757 3 1 1 17 18 360 1 3432,6248,7719 0 2 17-19-18
30.7011 3 1 2 9 4 18 10 2936,8326 2933 2 9-10-4
30.7786 3 1 1 9 3 360 1 3325,6166,6488 0 2 9-7-3
30.8147 3 1 1 14 7 360 1 3952,4481,5420 0 2 14-8-7
30.9139 3 1 2 5 17 264 10 3965,4361 3962 6 5-4-10-11-18-19-17
30.9402 3 1 2 14 3 108 10 2655,4937 2652 4 14-8-7-1-3
30.9616 3 1 1 10 14 360 1 2302,3803,7027 0 5 10-11-18-19-17-14
31.0807 3 1 1 15 10 360 1 2869,3838,4179 0 5 15-12-14-8-11-10
31.2212 3 1 1 9 16 360 1 1273,4953,5915 1 5 9-7-8-14-17-16
31.3534 3 1 1 1 17 360 1 1321,1584,4561 2 4 1-7-8-14-17
31.3708 3 1 1 9 11 360 1 3352,3791,6047 0 2 9-10-11
31.3746 3 1 1 2 5 360 1 2059,5191,6279 0 4 2-7-3-4-5
31.3961 3 1 1 19 14 360 1 23,2205,4078 0 5 19-17-16-15-12-14
31.4 3 1 1 1 3 360 1 864,1761,7297 0 1 1-3
31.4154 3 1 1 4 5 360 1 3692,5986,6952 1 1 4-5
31.5582 3 1 1 10 5 360 1 1481,3535,5208 0 2 10-4-5
31.687 3 1 1 4 15 360 1 627,3072,4292 1 6 4-10-11-8-14-12-15
31.7798 3 1 1 4 16 360 1 2291,2975,3426 0 6 4-10-11-18-19-17-16
31.7874 3 1 2 12 17 144 10 3598,4623 3595 2 12-14-17
32.1125 3 1 1 19 15 360 1 3822,3885,4910 0 3 19-17-16-15
32.2011 3 1 1 5 19 360 1 1191,4125,4538 1 5 5-4-10-11-18-19
32.265 3 1 2 16 18 24 10 4108,5477 4105 3 16-17-19-18
32.3245 3 1 1 16 17 360 1 1484,5249,7466 1 1 16-17
32.5892 3 1 1 19 14 360 1 838,5952,6541 0 2 19-17-14
32.5914 3 1 1 18 16 360 1 2201,4318,5590 0 3 18-19-17-16
32.5995 3 1 1 11 17 360 1 3379,3886,6537 0 3 11-18-19-17
32.6021 3 1 1 8 13 360 1 3441,5200,7205 0 3 8-14-12-13
32.6964 3 1 1 17 5 360 1 3076,4519,6928 0 6 17-19-18-11-10-4-5
32.7893 3 1 1 15 19 360 1 661,2318,3288 0 3 15-16-17-19
32.8742 3 1 1 7 17 360 1 2748,4116,5631 0 3 7-8-14-17
32.8903 3 1 2 6 4 282 10 764,1092 761 1 6-4
32.8952 3 1 1 7 8 360 1 3854,6087,6909 0 1 7-8
32.9559 3 1 2 16 7 18 10 1691,1757 1691 4 16-17-14-8-7
33.0409 3 1 2 15 2 192 10 3268,7792 3265 5 15-12-14-8-7-2
33.0458 3 1 2 7 1 12 10 1353,4332 1350 1 7-1
33.0486 3 1 2 1 19 36 10 5814,6997 5811 5 1-7-8-11-18-19
33.0558 3 1 1 19 2 360 1 3269,6329,8054 0 5 19-17-14-8-7-2
33.0803 3 1 1 7 15 360 1 4316,7638,7641 0 8 7-9-10-11-18-19-17-16-15
33.1113 3 1 1 4 6 360 1 1253,6489,8002 0 1 4-6
33.2053 3 1 1 10 3 360 1 185,215,2334 0 4 10-9-7-1-3
33.2261 3 1 2 9 12 42 10 1328,8569 1325 4 9-7-8-14-12
33.2285 3 1 2 14 12 222 10 2104,4528 2101 1 14-12
33.2541 3 1 1 14 1 360 1 1302,2350,5997 1 7 14-17-19-18-11-8-7-1
33.4062 3 1 1 6 14 360 1 628,3464,4016 1 4 6-3-7-8-14
33.4766 3 1 1 18 5 360 1 873,3919,5975 2 4 18-11-10-4-5
33.509 3 1 1 8 5 360 1 2323,4190,5299 0 4 8-11-10-4-5
33.6107 3 1 1 2 9 360 1 859,3411,7293 0 2 2-7-9
33.7271 3 1 1 4 17 360 1 2502,4873,6318 0 5 4-2-7-8-14-17
33.8251 3 1 2 7 3 18 10 5972,6833 5969 1 7-3
33.8861 3 1 1 14 5 360 1 2351,2570,4939 0 7 14-17-19-18-11-10-4-5
34.0686 3 1 1 13 8 360 1 2968,4912,6770 0 3 13-12-14-8
34.3173 3 1 1 11 6 360 1 38,3985,4234 0 3 11-10-4-6
34.4062 3 1 2 19 2 330 10 6869,7724 6866 5 19-17-14-8-7-2
34.5762 3 1 2 14 16 162 10 4076,4799 4073 2 14-17-16
34.6693 3 1 1 13 19 360 1 1886,5459,7464 1 4 13-15-16-17-19
34.7195 3 1 1 15 14 360 1 1423,6863,7332 0 2 15-12-14
34.769 3 1 1 6 1 360 1 407,1619,4817 0 2 6-3-1
34.7909 3 1 2 6 10 198 10 183,1032 180 2 6-4-10
34.8482 3 1 2 16 13 270 10 2395,7372 2392 2 16-15-13
34.8639 3 1 1 15 11 360 1 3553,4617,6525 0 4 15-12-14-8-11
34.8839 3 1 1 16 5 360 1 2415,4657,6597 1 7 16-17-19-18-11-10-4-5
34.9812 3 1 1 11 5 360 1 1406,2270,5166 1 5 11-8-7-2-4-5
35.076 3 1 2 15 17 36 10 1624,7720 1709 2 15-16-17
35.2045 3 1 1 12 8 360 1 183,2990,4390 1 6 12-14-17-19-18-11-8
35.26 3 1 1 14 15 360 1 2515,3696,8202 0 2 14-12-15
35.3957 3 1 1 11 5 360 1 1825,4548,5930 0 3 11-10-4-5
35.6219 3 1 1 14 19 360 1 1052,1618,4357 0 2 14-17-19
35.6672 3 1 2 16 7 132 10 4028,7630 4025 5 16-15-12-14-8-7
35.6681 3 1 1 9 13 360 1 242,1448,7558 2 5 9-7-8-14-12-13
35.6848 3 1 1 19 15 360 1 2569,2585,4762 0 3 19-17-16-15
35.9351 3 1 1 5 11 360 1 463,3687,4313 2 3 5-4-10-11
36.1697 3 1 2 2 4 228 10 5853,7054 5850 1 2-4
36.2302 3 1 1 10 14 360 1 3083,4114,7965 0 3 10-11-8-14
36.4066 3 1 1 1 3 360 1 3856,5320,7539 0 1 1-3
36.4595 3 1 1 11 17 360 1 1032,2686,6804 0 3 11-18-19-17
36.5786 3 1 1 16 10 360 1 4799,5256,7487 0 5 16-17-19-18-11-10
36.7359 3 1 2 3 15 36 10 2270,6764 2267 6 3-7-8-14-17-16-15
36.8245 3 1 1 2 9 360 1 906,5768,7694 0 2 2-7-9
36.8904 3 1 1 10 14 360 1 1674,4209,6431 1 5 10-11-18-19-17-14
36.9316 3 1 2 1 13 312 10 2714,2962 2747 10 1-7-9-10-11-18-19-17-16-15-13
37.0495 3 1 1 5 10 360 1 3280,3467,7311 0 2 5-4-10
37.1611 3 1 2 10 12 72 10 1570,1843 1745 9 10-9-7-8-14-17-16-15-13-12
37.7091 3 1 1 1 18 360 1 66,3843,5855 1 5 1-7-9-10-11-18
37.7208 3 1 1 2 9 360 1 152,3605,6852 0 2 2-7-9
37.8958 3 1 1 8 17 360 1 397,2115,4185 1 4 8-11-18-19-17
37.8966 3 1 1 18 5 360 1 582,4616,5323 1 4 18-11-10-4-5
37.9055 3 1 2 10 7 18 10 2409,6296 2406 2 10-9-7
37.9181 3 1 2 3 2 18 10 5396,8201 5393 2 3-7-2
38.0089 3 1 1 14 17 360 1 293,5093,8188 0 1 14-17
38.0348 3 1 2 18 1 168 10 3078,4320 3075 4 18-11-8-7-1
38.2209 3 1 1 11 3 360 1 1347,3348,3643 1 3 11-8-7-3
38.4548 3 1 2 13 8 180 10 1668,8033 2018 5 13-15-16-17-14-8
38.4586 3 1 1 3 2 360 1 5770,6236,8059 0 2 3-7-2
38.6046 3 1 1 12 1 360 1 3652,5700,7622 0 4 12-14-8-7-1
38.671 3 1 1 2 17 360 1 2083,4040,6206 0 6 2-7-8-11-18-19-17
38.7553 3 1 1 15 14 360 1 3179,4016,5337 0 2 15-12-14
38.9609 3 1 1 13 5 360 1 4816,5009,5475 0 7 13-12-14-8-11-10-4-5
39.1579 3 1 1 13 8 360 1 1810,2724,6498 2 3 13-12-14-8
39.2028 3 1 1 2 4 360 1 48,6207,7079 0 1 2-4
39.3091 3 1 2 2 12 66 10 93,2604 90 7 2-7-9-10-11-8-14-12
39.3258 3 1 2 7 16 12 10 5054,6264 5051 4 7-8-14-17-16
39.3534 3 1 2 1 11 108 10 1143,7349 1140 3 1-7-8-11
39.4178 3 1 1 2 13 360 1 491,3440,8162 1 5 2-7-8-14-12-13
39.4676 3 1 2 18 3 174 10 4202,7880 4199 4 18-11-8-7-3
39.5987 3 1 1 13 1 360 1 63,1417,4014 2 10 13-15-16-17-19-18-11-10-9-7-1
39.6545 3 1 1 6 3 360 1 351,1846,3982 0 1 6-3
39.6609 3 1 1 5 10 360 1 4202,7270,7943 0 2 5-4-10
39.6978 3 1 1 2 18 360 1 2820,5842,6404 1 5 2-7-9-10-11-18
39.7696 3 1 2 9 19 186 10 66,6151 156 4 9-10-11-18-19
39.9126 3 0 2 2 19 168 10 1872,2425 -1 -1 
40.1875 4 1 1 14 7 360 1 3934,4712,6410 0 7 14-17-19-18-11-10-9-7
40.3092 4 1 2 6 2 318 10 2406,2672 2402 2 6-4-2
40.3487 4 1 1 12 10 360 1 1963,3722,6580 1 4 12-14-8-11-10
40.3866 4 1 2 8 16 42 10 3361,3820 3357 3 8-14-17-16
40.5699 4 1 1 9 17 360 1 1173,3135,5474 0 4 9-7-8-14-17
40.8954 4 1 1 7 14 360 1 780,1895,6497 2 2 7-8-14
41.1254 4 1 2 5 12 288 10 2168,5682 2759 6 5-4-2-7-8-14-12
41.1448 4 1 1 18 16 360 1 736,921,6950 0 3 18-19-17-16
41.1954 4 1 2 10 4 24 10 2614,6696 2610 1 10-4
41.2036 4 1 2 15 4 48 10 1118,2778 1114 6 15-12-14-8-7-3-4
41.2589 4 1 1 7 13 360 1 1626,4468,7592 1 9 7-9-10-11-18-19-17-16-15-13
41.3473 4 1 1 4 8 360 1 4599,6007,6919 0 3 4-10-11-8
41.4855 4 1 2 8 4 24 10 4294,5664 4290 3 8-7-3-4
41.5463 4 1 1 8 12 360 1 972,1611,8101 0 11 8-7-9-10-11-18-19-17-16-15-13-12
41.7522 4 1 2 16 14 42 10 4998,7784 4994 2 16-17-14
41.7645 4 1 1 19 15 360 1 1359,3535,4418 1 3 19-17-16-15
41.7661 4 1 1 18 6 360 1 2239,6407,6544 1 4 18-11-10-4-6
41.8162 4 1 1 9 14 360 1 5587,5706,6445 0 6 9-10-11-18-19-17-14
41.8266 4 1 1 4 1 360 1 548,5217,7260 0 2 4-3-1
41.9719 4 1 1 15 2 360 1 175,792,2357 2 8 15-16-17-19-18-11-10-4-2
42.0209 4 1 1 2 19 360 1 2095,3380,4734 1 5 2-4-10-11-18-19
42.0294 4 1 1 9 18 360 1 3981,5153,5240 0 3 9-10-11-18
42.0656 4 1 1 17 6 360 1 1376,2561,3706 2 6 17-19-18-11-10-4-6
42.0764 4 1 1 17 7 360 1 1495,2792,7717 2 3 17-14-8-7
42.089 4 1 1 3 13 360 1 1755,2129,3900 2 9 3-4-10-11-18-19-17-16-15-13
42.29 4 1 1 1 18 360 1 856,3930,7423 1 5 1-7-9-10-11-18
42.6518 4 1 2 8 5 42 10 1602,1800 1598 4 8-7-2-4-5
42.7281 4 1 1 9 19 360 1 5358,6887,6951 0 4 9-10-11-18-19
42.8942 4 1 1 4 15 360 1 2410,6514,7782 1 6 4-10-11-8-14-12-15
42.9287 4 1 2 2 13 240 10 5775,7781 5771 10 2-7-9-10-11-18-19-17-16-15-13
43.0203 4 1 1 17 9 360 1 2911,5235,7924 1 4 17-14-8-7-9
43.1381 4 1 2 18 9 12 10 1969,8438 2026 4 18-11-8-7-9
43.3462 4 1 1 6 13 360 1 5006,5874,6842 0 6 6-3-7-8-14-12-13
43.3896 4 1 1 16 19 360 1 5951,6088,6486 2 2 16-17-19
43.429 4 1 1 10 2 360 1 1897,1957,3230 0 4 10-4-3-7-2
43.4942 4 1 2 16 12 78 10 1297,7995 1293 2 16-15-12
43.5306 4 1 2 7 15 24 10 2008,7468 2038 9 7-8-11-18-19-17-14-12-13-15
43.5611 4 1 1 6 11 360 1 367,5227,6254 1 3 6-4-10-11
43.6697 4 1 1 12 18 360 1 1744,2051,3074 2 4 12-14-17-19-18
43.6805 4 1 1 19 11 360 1 1539,3070,3720 1 2 19-18-11
43.7639 4 1 1 6 17 360 1 1273,4903,4912 1 5 6-3-7-8-14-17
43.9517 4 1 2 12 2 138 10 912,1280 929 9 12-15-16-17-19-18-11-8-7-2
44.0946 4 1 1 8 1 360 1 1959,3515,5011 1 2 8-7-1
44.1773 4 1 1 7 14 360 1 3435,4641,7921 0 2 7-8-14
44.2527 4 1 2 9 1 240 10 2735,7824 2794 2 9-7-1
44.2799 4 1 2 1 19 42 10 2153,6365 2149 5 1-7-8-14-17-19
44.4984 4 1 1 4 2 360 1 1364,4267,4282 0 1 4-2
44.5084 4 1 1 11 10 360 1 965,2303,8195 2 1 11-10
44.5542 4 1 1 10 8 360 1 2252,3602,6755 0 3 10-9-7-8
44.5737 4 1 1 12 1 360 1 2306,3254,7648 1 4 12-14-8-7-1
44.7811 4 1 1 2 7 360 1 1354,2936,4815 0 1 2-7
44.8501 4 1 1 2 11 360 1 1104,2407,4678 0 3 2-4-10-11
44.9041 4 1 1 12 8 360 1 560,5610,8129 2 2 12-14-8
44.9473 4 1 1 12 6 360 1 6159,6529,7980 0 5 12-14-8-7-3-6
45.0721 4 1 1 9 12 360 1 152,1351,6757 2 4 9-7-8-14-12
45.2143 4 1 2 18 5 150 10 1052,6186 1403 8 18-19-17-14-8-7-3-4-5
45.3464 4 1 2 3 18 12 10 3675,7528 3671 4 3-4-10-11-18
45.3792 4 1 1 15 7 360 1 923,4462,7233 1 8 15-16-17-19-18-11-10-9-7
45.7457 4 1 1 4 18 360 1 4791,6579,6788 0 3 4-10-11-18
45.7495 4 1 1 16 7 360 1 2606,4588,5316 1 4 16-17-14-8-7
45.8733 4 1 1 3 2 360 1 1073,1746,2262 0 2 3-7-2
46.0304 4 1 2 12 9 60 10 614,6545 974 7 12-14-17-19-18-11-10-9
46.0352 4 1 2 18 3 114 10 2459,8453 2476 4 18-11-10-4-3
46.2361 4 1 1 7 1 360 1 8,2228,3815 0 1 7-1
46.3367 4 1 1 15 5 360 1 533,5069,5552 1 7 15-12-14-8-11-10-4-5
46.3935 4 1 2 10 13 114 10 699,5180 989 8 10-9-7-8-14-17-16-15-13
46.5861 4 1 1 15 1 360 1 4060,5355,7817 1 5 15-12-14-8-7-1
46.7593 4 1 1 17 7 360 1 3307,7178,7706 0 6 17-19-18-11-10-9-7
46.835 4 1 2 11 14 186 10 4598,4713 4594 2 11-8-14
47.0066 4 1 2 18 13 108 10 6788,7235 6784 5 18-19-17-16-15-13
47.13 4 1 1 3 6 360 1 2056,6789,6904 0 1 3-6
47.1421 4 1 1 4 13 360 1 1131,1847,8014 2 6 4-10-11-8-14-12-13
47.3027 4 1 1 7 16 360 1 874,4627,6949 1 4 7-8-14-17-16
47.3093 4 1 1 5 19 360 1 4649,6095,7921 0 5 5-4-10-11-18-19
47.4046 4 1 1 4 8 360 1 98,4901,5982 1 3 4-10-11-8
47.4271 4 1 1 11 13 360 1 2034,4530,7868 1 6 11-18-19-17-16-15-13
47.4592 4 1 2 4 3 96 10 1811,3196 1807 1 4-3
47.487 4 1 1 17 2 360 1 1255,5187,8054 1 4 17-14-8-7-2
47.5403 4 1 2 19 13 204 10 952,6146 1067 4 19-17-16-15-13
47.678 4 0 1 2 15 360 1 1633,2828,6085 -1 -1 
47.7172 4 1 1 2 10 360 1 6155,7769,8126 0 2 2-4-10
47.7808 4 1 1 13 18 360 1 738,3876,4922 1 5 13-15-16-17-19-18
47.8113 4 0 1 2 16 360 1 769,4097,5963 -1 -1 
47.842 4 1 2 16 19 18 10 3402,5344 3398 2 16-17-19
47.8839 4 1 1 9 15 360 1 4820,5377,5894 0 5 9-7-8-14-12-15
47.9174 4 1 1 9 2 360 1 4570,5309,5530 0 2 9-7-2
48.0502 4 1 1 12 10 360 1 5671,7225,8019 1 4 12-14-8-11-10
48.3475 4 1 2 17 12 24 10 932,1443 943 2 17-14-12
48.4294 4 1 1 3 16 360 1 669,3366,5518 1 7 3-4-10-11-18-19-17-16
48.5925 4 1 2 7 4 144 10 1541,5707 1537 2 7-2-4
48.8474 4 1 1 12 14 360 1 2339,4605,6140 0 1 12-14
48.95 4 1 1 11 14 360 1 2269,2343,6323 2 2 11-8-14
49.0155 4 1 2 12 19 12 10 827,8050 823 3 12-14-17-19
49.0771 4 1 2 14 9 18 10 3896,6141 3892 3 14-8-7-9
49.0839 4 1 1 17 15 360 1 1023,7169,7323 1 2 17-16-15
49.1952 4 1 1 3 14 360 1 1012,2269,7987 2 3 3-7-8-14
49.281 4 1 2 3 7 72 10 4695,5109 4691 1 3-7
49.3207 4 1 1 10 19 360 1 4233,4986,7900 0 3 10-11-18-19
49.3641 4 1 1 5 12 360 1 970,2130,4897 2 8 5-4-10-11-18-19-17-14-12
49.5909 4 1 1 1 19 360 1 3846,4158,6933 2 5 1-7-8-11-18-19
49.6209 4 1 1 14 4 360 1 1601,3523,6180 1 6 14-17-19-18-11-10-4
49.7695 4 1 2 9 1 204 10 1263,7866 1259 2 9-7-1
49.9106 4 1 2 2 3 78 10 59,2675 55 2 2-7-3
49.972 4 1 1 8 2 360 1 1459,6588,7429 1 2 8-7-2
50.0408 5 1 1 5 4 360 1 356,4182,7159 0 1 5-4
50.1336 5 1 1 17 10 360 1 1420,4632,7426 1 4 17-19-18-11-10
50.201 5 0 2 1 13 294 10 3822,4061 -1 -1 
50.2765 5 1 1 13 3 360 1 1269,3823,7413 2 5 13-12-14-8-7-3
50.3853 5 1 2 9 15 252 10 3917,5689 4224 7 9-10-11-18-19-17-16-15
50.4391 5 1 2 1 10 24 10 3932,5224 3927 3 1-7-9-10
50.4446 5 1 1 13 3 360 1 1523,2577,7601 2 5 13-12-14-8-7-3
50.4481 5 1 1 17 16 360 1 3245,3616,4875 0 1 17-16
50.6115 5 1 1 9 2 360 1 1167,2340,2706 0 3 9-10-4-2
50.7483 5 1 2 10 9 12 10 1810,5562 1805 1 10-9
50.85 5 1 1 9 8 360 1 4801,7388,8098 0 2 9-7-8
50.915 5 1 1 7 19 360 1 3030,3415,4686 1 5 7-9-10-11-18-19
50.978 5 1 2 19 7 330 10 5240,6587 5235 4 19-17-14-8-7
51.0864 5 1 1 11 13 360 1 2987,5503,5627 0 6 11-18-19-17-16-15-13
51.2559 5 1 1 1 6 360 1 2853,6955,7185 0 2 1-3-6
51.3323 5 1 2 9 13 60 10 5219,7056 5214 5 9-7-8-14-12-13
51.4781 5 1 2 5 9 24 10 3832,3883 3827 3 5-4-10-9
51.6412 5 1 1 3 15 360 1 144,1746,6098 2 5 3-7-8-14-12-15
51.6856 5 1 2 10 12 66 10 6561,7754 6556 4 10-11-8-14-12
51.7599 5 1 2 18 5 126 10 5345,7103 5340 4 18-11-10-4-5
51.9383 5 1 1 2 9 360 1 108,2935,3180 0 3 2-1-7-9
52.1752 5 1 1 8 13 360 1 3998,4407,7511 0 3 8-14-12-13
52.2697 5 1 1 13 19 360 1 1372,2207,3181 1 4 13-15-16-17-19
52.2979 5 1 1 3 6 360 1 2571,7000,7315 0 1 3-6
52.3761 5 1 1 4 2 360 1 452,1771,7084 0 1 4-2
52.4268 5 1 1 2 5 360 1 763,5372,7372 1 4 2-7-3-4-5
52.4605 5 1 1 6 16 360 1 4211,6399,6942 1 6 6-3-7-8-14-17-16
52.5778 5 1 1 1 19 360 1 3296,5624,7986 0 6 1-7-9-10-11-18-19
52.6787 5 1 2 8 10 330 10 5198,7171 5274 3 8-7-9-10
52.7134 5 1 1 4 10 360 1 510,2392,5323 0 1 4-10
52.845 5 1 2 13 19 174 10 8028,8322 8023 4 13-15-16-17-19
52.8644 5 1 1 2 5 360 1 1352,4358,5887 1 2 2-4-5
52.955 5 1 2 1 10 12 10 4833,4897 4828 3 1-7-9-10
53.2274 5 1 2 2 1 90 10 804,7518 799 1 2-1
53.2304 5 1 1 14 2 360 1 24,1430,5234 0 12 14-12-15-16-17-19-18-11-10-9-7-1-2
53.3076 5 1 1 13 6 360 1 1970,5163,8000 1 7 13-12-14-8-11-10-4-6
53.4443 5 0 1 5 13 360 1 103,325,4248 -1 -1 
53.5806 5 0 1 8 1 360 1 794,1738,2528 -1 -1 
53.7587 5 1 1 12 4 360 1 456,6108,8162 1 5 12-14-8-11-10-4
53.8423 5 1 2 2 12 18 10 7220,8044 7215 4 2-7-8-14-12
53.8866 5 1 2 17 11 18 10 859,8154 854 3 17-19-18-11
54.0007 5 1 1 3 19 360 1 1810,5904,6873 2 5 3-4-10-11-18-19
54.0048 5 1 1 11 19 360 1 6671,6756,8064 0 2 11-18-19
54.1045 5 1 2 2 13 168 10 4524,7404 4716 5 2-7-8-14-12-13
54.1073 5 1 1 9 17 360 1 257,3816,5165 2 5 9-10-11-18-19-17
54.138 5 1 1 1 3 360 1 2007,3162,8264 0 1 1-3
54.2299 5 1 1 2 11 360 1 5564,6363,8046 1 3 2-4-10-11
54.2605 5 1 1 14 15 360 1 3546,4333,5218 0 2 14-12-15
54.2745 5 1 2 11 12 186 10 3285,3556 3429 5 11-18-19-17-14-12
54.375 5 1 1 1 19 360 1 5711,6767,7393 1 5 1-7-8-11-18-19
54.4138 5 1 1 10 16 360 1 1432,7260,7332 1 5 10-11-18-19-17-16
54.5518 5 1 2 6 18 66 10 3325,4702 3320 5 6-3-7-8-11-18
54.5995 5 1 1 16 1 360 1 1355,2188,3636 2 8 16-17-19-18-11-10-4-3-1
54.666 5 1 2 12 16 12 10 659,2795 654 2 12-15-16
54.6995 5 1 1 3 4 360 1 1308,3977,5083 0 2 3-6-4
55.0826 5 1 1 15 18 360 1 1072,5292,6205 1 4 15-16-17-19-18
55.1358 5 1 1 15 7 360 1 2712,5427,6832 1 8 15-16-17-19-18-11-10-9-7
55.2521 5 1 2 12 1 12 10 701,6377 696 4 12-14-8-7-1
55.4755 5 1 2 14 13 36 10 2442,7370 2437 2 14-12-13
55.6137 5 1 1 15 13 360 1 5041,6082,6533 0 1 15-13
55.8823 5 1 1 1 16 360 1 3523,4393,5842 0 8 1-7-9-10-11-18-19-17-16
55.9468 5 1 2 11 12 60 10 3269,4174 3264 3 11-8-14-12
56.01 5 0 1 15 7 360 1 797,3195,4644 -1 -1 
56.1127 5 1 1 2 14 360 1 3581,3986,7678 2 3 2-7-8-14
56.1582 5 1 2 15 8 42 10 5464,7872 5459 3 15-12-14-8
56.2722 5 1 2 6 4 276 10 4365,5133 4360 1 6-4
56.3656 5 1 2 9 7 186 10 4940,6653 4935 1 9-7
56.3909 5 0 1 15 1 360 1 2003,2684,5808 -1 -1 
56.5101 5 1 2 17 12 12 10 3546,8452 3541 3 17-16-15-12
56.5993 5 1 2 5 19 126 10 3941,6086 4308 7 5-4-10-11-8-14-17-19
56.651 5 1 2 11 5 42 10 4099,7591 4155 5 11-8-7-3-4-5
56.828 5 1 2 18 9 12 10 3977,6775 3972 4 18-11-8-7-9
56.8552 5 1 1 9 16 360 1 34,4926,7174 0 6 9-10-11-18-19-17-16
56.9767 5 1 2 1 13 186 10 1271,4021 2460 7 1-7-8-14-17-16-15-13
57.0523 5 1 1 9 1 360 1 1648,5657,7105 0 2 9-7-1
57.1897 5 1 1 11 19 360 1 29,5231,7076 0 2 11-18-19
57.3128 5 1 1 10 9 360 1 7509,7995,8234 0 1 10-9
57.3984 5 1 2 17 3 18 10 3676,4638 3671 4 17-14-8-7-3
57.8411 5 1 1 12 17 360 1 1865,3310,6840 1 3 12-15-16-17
58.031 5 1 1 10 12 360 1 3552,3613,6917 2 4 10-11-8-14-12
58.1879 5 1 1 5 4 360 1 1594,4809,5565 0 1 5-4
58.3966 5 0 1 7 14 360 1 699,1041,1937 -1 -1 
58.4103 5 1 2 16 13 342 10 1910,4967 2646 2 16-15-13
58.5461 5 1 1 12 18 360 1 3436,5136,6794 1 4 12-14-17-19-18
58.5979 5 1 2 18 12 12 10 7720,8263 7715 4 18-19-17-14-12
58.8493 5 1 1 19 16 360 1 2056,4493,4682 0 2 19-17-16
59.1541 5 1 2 14 1 264 10 6893,6950 6888 3 14-8-7-1
59.1673 5 1 1 14 4 360 1 3244,6684,8030 2 4 14-8-11-10-4
59.287 5 0 2 13 7 132 10 219,612 -1 -1 
59.3099 5 1 2 17 1 30 10 3998,5156 3993 4 17-14-8-7-1
59.346 5 1 2 18 16 150 10 1764,5000 2480 3 18-19-17-16
59.3927 5 1 1 15 9 360 1 3387,4704,6231 2 5 15-12-14-8-7-9
59.4462 5 1 2 4 5 30 10 3760,5936 3755 1 4-5
59.4469 5 1 2 11 9 30 10 6,3927 1 2 11-10-9
59.4939 5 1 1 17 14 360 1 3200,3643,4149 0 1 17-14
59.5656 5 1 1 4 15 360 1 4314,4649,6380 2 6 4-10-11-8-14-12-15
59.5776 5 1 1 15 5 360 1 5013,6101,7214 0 8 15-16-17-19-18-11-10-4-5
59.5942 5 1 2 5 3 54 10 4072,5236 4086 2 5-4-3
59.6168 5 1 1 8 6 360 1 1995,5374,7556 2 3 8-7-3-6
59.7576 5 1 2 13 16 12 10 5576,6369 5571 2 13-15-16
60.0001 6 1 2 17 9 84 10 2400,4212 2629 5 17-19-18-11-10-9
60.2276 6 1 2 10 16 12 10 29,7231 23 5 10-11-18-19-17-16
60.2826 6 1 1 2 9 360 1 4162,4875,8211 0 2 2-7-9
60.4434 6 1 1 5 11 360 1 2717,7646,7781 1 3 5-4-10-11
60.5244 6 1 1 13 1 360 1 1518,2730,8112 2 5 13-12-14-8-7-1
60.6891 6 1 1 11 19 360 1 111,3035,3134 1 2 11-18-19
60.7639 6 1 1 10 1 360 1 1342,2885,8074 0 4 10-4-6-3-1
61.1626 6 1 1 18 4 360 1 4205,5312,6377 2 3 18-11-10-4
61.2826 6 1 2 9 17 12 10 3010,6753 3004 7 9-10-4-3-7-8-14-17
61.3277 6 1 2 18 15 84 10 2417,7888 2987 4 18-19-17-16-15
61.334 6 1 1 13 7 360 1 4994,7378,7750 0 9 13-15-16-17-19-18-11-10-9-7
61.3971 6 0 1 6 17 360 1 2627,4256,4384 -1 -1 
61.4024 6 1 1 6 9 360 1 3742,3867,7264 0 3 6-4-10-9
61.403 6 1 1 17 5 360 1 437,2644,7974 2 6 17-19-18-11-10-4-5
61.6587 6 0 1 15 11 360 1 637,1117,3319 -1 -1 
61.7193 6 0 1 10 18 360 1 423,4153,5564 -1 -1 
61.859 6 1 1 5 9 360 1 2314,2581,7860 0 3 5-4-10-9
61.8888 6 1 2 19 8 24 10 8475,8568 8469 3 19-17-14-8
61.9172 6 1 2 15 16 90 10 634,4407 665 1 15-16
61.9268 6 1 1 9 5 360 1 2782,7205,7437 1 3 9-10-4-5
61.9317 6 0 1 11 3 360 1 304,4232,4370 -1 -1 
61.9849 6 0 1 4 17 360 1 1400,2955,5486 -1 -1 
62.0144 6 1 1 18 8 360 1 2379,3692,3814 1 2 18-11-8
62.1139 6 1 1 17 4 360 1 662,5923,7937 2 5 17-19-18-11-10-4
62.1391 6 1 2 13 5 84 10 3552,8200 3602 11 13-15-16-17-19-18-11-8-7-3-4-5
62.233 6 1 2 14 6 36 10 2694,3857 2694 4 14-8-7-3-6
62.2471 6 1 1 4 8 360 1 1305,3417,8044 2 3 4-10-11-8
62.396 6 1 1 9 8 360 1 3251,3675,5632 0 3 9-10-11-8
62.4196 6 0 1 4 12 360 1 1086,1891,5088 -1 -1 
62.5633 6 0 1 13 5 360 1 249,1343,1718 -1 -1 
62.6059 6 1 1 12 18 360 1 2482,3493,7398 2 4 12-14-17-19-18
62.6558 6 1 2 12 5 18 10 4927,7858 4921 6 12-14-8-11-10-4-5
62.6653 6 1 1 4 7 360 1 2871,5157,5745 0 3 4-2-1-7
63.0078 6 1 1 12 11 360 1 1233,4356,7215 1 5 12-14-17-19-18-11
63.1112 6 1 1 11 10 360 1 3027,5730,7581 2 1 11-10
63.2654 6 1 2 8 13 198 10 1171,3669 1192 3 8-14-12-13
63.2681 6 1 2 10 2 252 10 6878,6913 6872 2 10-4-2
63.4105 6 0 1 8 17 360 1 637,1161,2795 -1 -1 
63.6026 6 1 1 11 8 360 1 1013,4757,5041 1 1 11-8
63.6549 6 1 2 8 1 12 10 1208,8242 1202 5 8-11-10-9-7-1
63.6666 6 1 2 19 6 18 10 1139,2565 1149 5 19-18-11-10-4-6
63.9065 6 1 1 1 7 360 1 1607,4242,6488 0 1 1-7
64.1295 6 1 1 1 4 360 1 2335,2528,2979 0 2 1-3-4
64.2386 6 1 2 1 6 276 10 3794,6092 3788 2 1-3-6
64.2395 6 1 2 18 7 108 10 2603,7099 3056 4 18-11-10-9-7
64.2577 6 1 2 6 10 162 10 394,5766 399 4 6-3-7-9-10
64.2814 6 0 2 4 17 90 10 451,728 -1 -1 
64.3757 6 1 2 11 18 12 10 376,6945 370 1 11-18
64.6784 6 1 1 3 9 360 1 1829,2910,6404 0 4 3-6-4-10-9
64.8869 6 1 2 13 12 42 10 2593,7317 2587 1 13-12
65.0719 6 1 2 18 3 336 10 4962,6109 5423 4 18-11-10-4-3
65.1285 6 1 2 16 19 96 10 2688,4122 2713 2 16-17-19
65.1578 6 1 2 19 7 78 10 3669,4586 3686 4 19-18-11-8-7
65.4482 6 0 1 10 15 360 1 1899,2439,2853 -1 -1 
65.5746 6 1 1 10 1 360 1 1434,1921,4722 0 3 10-9-7-1
65.6404 6 1 1 15 5 360 1 4251,7460,8246 1 7 15-12-14-8-11-10-4-5
65.6665 6 1 1 19 14 360 1 2519,6678,7637 2 2 19-17-14
65.694 6 1 2 6 3 24 10 8022,8132 8016 1 6-3
65.8863 6 0 1 13 3 360 1 312,2319,5248 -1 -1 
65.9711 6 1 2 15 5 54 10 266,2964 571 7 15-12-14-8-7-3-4-5
66.0181 6 1 1 6 2 360 1 2997,4214,6845 0 2 6-4-2
66.3468 6 1 2 10 4 114 10 2934,4743 3016 1 10-4
66.3556 6 0 1 10 12 360 1 528,3040,5998 -1 -1 
66.4334 6 1 2 16 7 18 10 4143,7890 4245 4 16-17-14-8-7
66.4757 6 1 1 13 17 360 1 3398,4689,6716 0 3 13-15-16-17
66.5192 6 0 1 5 12 360 1 1617,3407,5359 -1 -1 
66.6589 6 1 1 8 2 360 1 3096,6538,7961 0 4 8-11-10-4-2
67.2136 6 0 1 4 14 360 1 106,3545,5628 -1 -1 
67.2801 6 0 1 16 4 360 1 3562,4673,5074 -1 -1 
67.3302 6 0 1 8 3 360 1 1674,2869,3338 -1 -1 
67.4411 6 1 1 3 9 360 1 1059,1300,1645 0 3 3-4-10-9
67.6653 6 1 1 18 19 360 1 656,4978,5582 1 1 18-19
67.6683 6 1 1 13 18 360 1 160,4639,6711 1 5 13-15-16-17-19-18
67.8075 6 1 2 1 3 18 10 1855,6016 1849 1 1-3
67.8199 6 1 1 4 1 360 1 3712,3878,5744 0 2 4-3-1
68.0359 6 0 1 16 10 360 1 2981,5046,5901 -1 -1 
68.0527 6 1 2 11 18 306 10 240,3540 1167 1 11-18
68.1452 6 0 1 11 19 360 1 2226,3129,5875 -1 -1 
68.2824 6 0 1 11 12 360 1 124,2723,4161 -1 -1 
68.3265 6 1 2 19 3 12 10 608,8600 625 5 19-18-11-8-7-3
68.4469 6 1 1 1 7 360 1 4179,5663,6861 0 1 1-7
68.5692 6 1 1 4 6 360 1 1212,2644,3921 0 1 4-6
68.8124 6 1 1 13 17 360 1 2463,4901,6705 1 3 13-15-16-17
68.8411 6 1 1 11 16 360 1 453,7547,8155 1 4 11-18-19-17-16
68.9533 6 1 1 5 3 360 1 872,5093,7678 1 2 5-4-3
69.1344 6 1 1 8 15 360 1 994,2501,8257 2 3 8-14-12-15
69.1703 6 1 2 7 10 54 10 112,6275 106 3 7-3-4-10
69.5959 6 0 2 10 12 240 10 4987,5268 -1 -1 
69.8432 6 0 1 14 6 360 1 29,1370,5369 -1 -1 
69.8585 6 1 1 15 16 360 1 599,5067,6850 0 1 15-16
69.9906 6 1 2 18 12 150 10 2989,4055 3071 4 18-19-17-14-12
70.153 7 1 1 13 17 360 1 2833,6353,6758 1 3 13-15-16-17
70.4325 7 1 1 19 3 360 1 4797,5360,6047 2 5 19-18-11-10-4-3
70.531 7 1 1 19 11 360 1 419,5388,6504 2 2 19-18-11
70.6399 7 1 1 18 14 360 1 2494,4685,5825 1 3 18-19-17-14
70.8095 7 1 1 2 7 360 1 1031,2557,3449 0 1 2-7
71.0323 7 1 1 1 12 360 1 3632,7462,8010 1 4 1-7-8-14-12
71.0388 7 1 1 4 17 360 1 2768,7027,7271 1 8 4-3-7-9-10-11-18-19-17
71.059 7 1 1 15 16 360 1 939,4403,4887 1 1 15-16
71.2002 7 1 1 2 7 360 1 1271,1548,6179 1 2 2-1-7
71.3275 7 1 1 9 8 360 1 342,3439,6302 2 2 9-7-8
71.5196 7 0 1 11 17 360 1 2344,2451,5730 -1 -1 
71.5361 7 1 1 10 18 360 1 1255,6630,7506 1 2 10-11-18
71.5529 7 1 1 10 12 360 1 2079,4375,7214 2 4 10-11-8-14-12
71.6167 7 1 2 4 7 42 10 3347,7465 3340 2 4-3-7
71.6234 7 1 1 19 14 360 1 850,4078,5872 1 2 19-17-14
71.8019 7 1 1 16 11 360 1 260,3004,7959 2 4 16-17-19-18-11
71.8493 7 1 1 14 10 360 1 2396,4759,6501 2 3 14-8-11-10
71.8925 7 1 1 10 2 360 1 5088,7298,7605 0 3 10-9-7-2
71.9001 7 1 2 5 4 198 10 598,8093 591 1 5-4
72.0823 7 1 1 13 2 360 1 6364,7641,8253 0 5 13-12-14-8-7-2
72.1543 7 0 1 8 1 360 1 267,621,3602 -1 -1 
72.1672 7 1 1 13 3 360 1 303,5231,7898 2 5 13-12-14-8-7-3
72.3879 7 0 1 1 14 360 1 781,3381,4294 -1 -1 
72.4525 7 1 1 15 17 360 1 1336,6221,7230 1 2 15-16-17
72.577 7 1 2 1 8 180 10 716,4426 1213 5 1-3-4-10-11-8
72.7584 7 1 1 4 10 360 1 1090,2965,3707 1 1 4-10
72.9886 7 1 1 16 5 360 1 1449,6067,7353 2 7 16-17-19-18-11-10-4-5
73.2055 7 1 1 17 3 360 1 637,1363,7789 2 4 17-14-8-7-3
73.6289 7 1 1 14 7 360 1 2095,4115,7930 2 2 14-8-7
73.7402 7 1 1 11 19 360 1 730,4799,6828 2 2 11-18-19
73.805 7 1 1 8 2 360 1 1245,1601,2044 2 2 8-7-2
73.9633 7 1 1 9 2 360 1 213,3664,6086 1 3 9-10-4-2
73.9815 7 1 2 1 7 18 10 5176,5960 5169 1 1-7
74.0167 7 1 1 18 5 360 1 2991,6869,7564 1 7 18-11-10-9-7-3-4-5
74.1037 7 1 2 14 2 102 10 892,3556 1243 7 14-17-19-18-11-10-4-2
74.1883 7 1 1 13 8 360 1 3364,5756,7217 2 3 13-12-14-8
74.458 7 1 2 18 17 282 10 3511,5603 4824 2 18-19-17
74.7283 7 1 2 18 17 12 10 3398,4543 3391 2 18-19-17
74.7869 7 1 2 18 6 288 10 704,6741 5464 4 18-11-10-4-6
74.8479 7 1 2 1 10 12 10 2465,2783 2458 3 1-7-9-10
74.852 7 1 1 14 11 360 1 138,4315,7067 1 4 14-17-19-18-11
74.8538 7 1 1 14 13 360 1 1403,3486,6206 0 2 14-12-13
74.9001 7 1 1 11 13 360 1 24,6529,8022 2 4 11-8-14-12-13
74.906 7 0 1 14 2 360 1 1579,1669,5252 -1 -1 
74.9117 7 1 2 15 2 198 10 2013,7812 3687 5 15-12-14-8-7-2
74.9255 7 1 2 18 16 174 10 4404,6495 5071 3 18-19-17-16
75.0623 7 1 2 17 13 210 10 2667,7799 3055 3 17-16-15-13
75.0795 7 1 2 15 5 96 10 5551,6838 5563 7 15-12-14-8-7-3-4-5
75.1538 7 1 1 4 15 360 1 134,873,6450 2 7 4-10-11-18-19-17-16-15
75.3587 7 1 2 5 6 66 10 2804,3247 2797 2 5-4-6
75.4842 7 1 1 9 15 360 1 1880,5925,6304 2 7 9-10-11-18-19-17-16-15
75.5357 7 1 1 3 10 360 1 3504,4460,7114 0 3 3-6-4-10
75.5702 7 0 1 8 10 360 1 860,1730,5322 -1 -1 
75.7129 7 1 1 7 18 360 1 255,2957,6678 2 4 7-9-10-11-18
75.7179 7 1 1 2 5 360 1 6470,6823,7136 0 2 2-4-5
75.7484 7 1 1 10 4 360 1 2926,3588,8089 0 1 10-4
75.85 7 1 1 6 19 360 1 3157,7625,8134 1 5 6-4-10-11-18-19
75.9466 7 1 1 16 17 360 1 1768,3660,3832 1 1 16-17
76.1241 7 1 1 7 8 360 1 3019,7380,7732 1 1 7-8
76.268 7 1 2 19 3 12 10 2349,3510 2486 6 19-18-11-10-4-6-3
76.4001 7 1 1 3 2 360 1 1526,2580,3951 0 2 3-1-2
76.4088 7 1 1 4 19 360 1 110,4069,8179 2 4 4-10-11-18-19
76.7484 7 0 1 4 18 360 1 740,3354,4204 -1 -1 
76.7655 7 1 1 16 13 360 1 223,1755,4497 0 2 16-15-13
76.8569 7 1 1 2 8 360 1 2888,3515,7753 2 2 2-7-8
76.9021 7 0 1 5 19 360 1 3050,3828,5055 -1 -1 
76.9909 7 1 1 14 15 360 1 1353,6429,7571 1 2 14-12-15
76.9987 7 1 2 10 19 180 10 1285,6527 3757 5 10-11-8-14-17-19
77.1693 7 0 1 1 18 360 1 2203,4277,4689 -1 -1 
77.1909 7 1 1 11 10 360 1 3170,6371,7959 0 1 11-10
77.2922 7 1 2 4 17 24 10 5814,8418 5807 5 4-10-11-8-14-17
77.3417 7 0 1 5 17 360 1 1164,3687,4201 -1 -1 
77.7564 7 1 1 12 3 360 1 5431,5468,7684 2 4 12-14-8-7-3
77.81 7 0 1 15 1 360 1 1363,2371,5746 -1 -1 
77.9333 7 1 1 3 16 360 1 5005,5940,7341 2 5 3-7-8-14-17-16
77.9477 7 1 1 1 13 360 1 1285,4535,8058 2 5 1-7-8-14-12-13
77.9687 7 1 2 4 7 228 10 1166,5753 1159 2 4-2-7
77.9898 7 0 1 4 16 360 1 2973,5180,5293 -1 -1 
78.002 7 1 1 13 12 360 1 274,4550,5837 0 1 13-12
78.1946 7 1 1 5 6 360 1 3091,3570,5710 0 2 5-4-6
78.1961 7 1 2 15 9 180 10 7003,8118 7192 5 15-12-14-8-7-9
78.2428 7 1 1 18 12 360 1 737,6252,7937 1 4 18-19-17-14-12
78.2876 7 1 1 11 13 360 1 5934,7449,7748 1 4 11-8-14-12-13
78.4356 7 0 1 17 10 360 1 3084,4047,6888 -1 -1 
78.5947 7 0 1 11 17 360 1 981,1614,3453 -1 -1 
78.6047 7 0 1 9 12 360 1 1529,2998,3309 -1 -1 
78.7426 7 0 2 4 16 348 10 3233,3960 -1 -1 
78.7805 7 1 2 10 3 30 10 1899,5526 1892 2 10-4-3
78.9861 7 1 1 12 14 360 1 2184,2564,4667 2 1 12-14
79.1192 7 0 1 17 10 360 1 1878,3696,4381 -1 -1 
79.1786 7 1 2 15 13 12 10 3284,4462 3277 1 15-13
79.458 7 1 2 9 2 78 10 1087,6864 1080 2 9-7-2
79.4719 7 1 2 9 18 30 10 2141,4161 2240 3 9-10-11-18
79.5517 7 1 2 13 17 12 10 3825,4469 3818 3 13-15-16-17
79.7317 7 0 2 17 11 222 10 3841,5507 -1 -1 
79.741 7 1 2 14 4 96 10 308,5526 1389 4 14-8-11-10-4
79.9297 7 0 1 15 7 360 1 325,4389,5136 -1 -1 
79.9602 7 1 1 1 8 360 1 4972,7364,7864 0 5 1-7-9-10-11-8
80.1465 8 1 1 7 16 360 1 705,5660,7430 2 4 7-8-14-17-16
80.1607 8 1 2 10 12 36 10 2501,6204 2553 6 10-11-18-19-17-14-12
80.1648 8 1 1 7 10 360 1 1108,2305,4201 1 2 7-9-10
80.4159 8 1 2 17 3 12 10 5322,8555 5314 6 17-19-18-11-10-4-3
80.5897 8 0 1 10 18 360 1 2103,4336,5630 -1 -1 
80.713 8 0 1 7 14 360 1 1583,4325,4749 -1 -1 
81.0444 8 1 2 2 14 12 10 208,1737 200 3 2-7-8-14
81.0687 8 1 2 6 5 18 10 6800,7116 6792 2 6-4-5
81.2072 8 1 1 13 14 360 1 830,2094,6898 1 2 13-12-14
81.2214 8 1 1 15 8 360 1 1190,4117,8163 1 3 15-12-14-8
81.5372 8 1 1 4 6 360 1 555,5573,7794 0 1 4-6
81.6061 8 1 1 5 4 360 1 601,1617,6624 0 1 5-4
81.7412 8 1 1 19 16 360 1 4245,6014,7324 0 2 19-17-16
81.853 8 1 1 19 13 360 1 3414,6774,7000 0 4 19-17-16-15-13
81.8795 8 1 2 6 14 78 10 1554,3405 2193 4 6-3-7-8-14
81.8876 8 1 1 8 19 360 1 2823,6011,6904 1 3 8-11-18-19
82.1522 8 0 1 1 17 360 1 474,939,5013 -1 -1 
82.3663 8 0 1 6 15 360 1 568,3061,3936 -1 -1 
82.3941 8 1 1 8 19 360 1 563,4141,8043 1 3 8-14-17-19
82.5088 8 1 1 10 4 360 1 2508,2855,4181 0 1 10-4
82.5904 8 1 1 5 8 360 1 3305,4915,5536 0 4 5-4-10-11-8
82.7097 8 0 1 10 14 360 1 1376,5790,6765 -1 -1 
82.7787 8 1 1 4 11 360 1 3668,6803,7870 1 5 4-3-7-9-10-11
82.9128 8 1 1 4 3 360 1 3627,5198,6824 0 2 4-6-3
83.0567 8 1 1 14 9 360 1 1958,4830,7690 2 3 14-8-7-9
83.0834 8 1 1 16 1 360 1 4905,5512,7652 2 5 16-17-14-8-7-1
83.2521 8 1 1 7 8 360 1 1651,2693,6702 2 4 7-9-10-11-8
83.3046 8 1 2 14 15 72 10 902,1434 1099 3 14-17-16-15
83.4258 8 1 1 7 5 360 1 4102,6798,7699 1 3 7-3-4-5
83.4833 8 1 1 19 8 360 1 1801,4312,6901 2 3 19-18-11-8
83.5171 8 1 2 10 17 30 10 670,8243 691 7 10-9-7-8-11-18-19-17
83.6004 8 1 1 16 10 360 1 4261,6958,7492 2 5 16-17-19-18-11-10
83.6007 8 1 1 9 6 360 1 1916,5567,5737 1 3 9-7-3-6
83.6023 8 1 1 9 1 360 1 3341,6151,6721 0 2 9-7-1
83.6579 8 1 1 6 5 360 1 1671,1783,4848 0 2 6-4-5
83.7521 8 1 2 18 14 66 10 2095,5885 2844 3 18-19-17-14
83.7544 8 1 2 4 15 114 10 5639,6068 5631 6 4-2-7-8-14-12-15
83.7615 8 1 2 5 2 270 10 7300,8105 7292 2 5-4-2
83.7849 8 0 1 15 7 360 1 1727,2859,3883 -1 -1 
83.8468 8 1 2 6 17 18 10 5237,7429 5253 6 6-4-10-11-18-19-17
83.8838 8 1 1 15 11 360 1 2681,5762,8184 2 4 15-12-14-8-11
84.1061 8 1 1 6 18 360 1 6307,6555,7597 0 4 6-4-10-11-18
84.1183 8 1 1 8 9 360 1 4656,4742,5864 0 2 8-7-9
84.2657 8 1 2 12 14 12 10 1324,5343 1316 4 12-15-16-17-14
84.3793 8 1 1 2 10 360 1 4562,5797,5938 0 2 2-4-10
84.4505 8 1 1 9 6 360 1 2371,4204,6050 0 4 9-7-2-4-6
84.4799 8 1 1 7 12 360 1 2462,7830,8262 1 3 7-8-14-12
84.6719 8 1 1 11 7 360 1 3466,4515,7880 1 3 11-10-9-7
84.8019 8 1 1 1 17 360 1 4288,6803,7780 2 4 1-7-8-14-17
84.833 8 1 1 3 7 360 1 2692,3771,8166 0 2 3-1-7
84.9044 8 1 1 9 10 360 1 3781,4404,5346 0 1 9-10
84.9739 8 1 1 3 5 360 1 3460,5720,8133 0 3 3-6-4-5
84.978 8 1 1 7 3 360 1 2533,2996,3391 0 2 7-1-3
84.9972 8 1 1 15 8 360 1 1126,3161,7767 2 3 15-12-14-8
85.1003 8 1 2 8 12 18 10 47,3417 39 9 8-7-9-10-11-18-19-17-14-12
85.23 8 1 2 6 19 18 10 340,7772 337 8 6-4-2-7-9-10-11-18-19
85.6659 8 1 2 8 9 18 10 4928,7370 4920 2 8-7-9
85.7785 8 0 1 16 1 360 1 2060,3721,6945 -1 -1 
85.8424 8 1 2 16 9 66 10 1858,4039 2193 6 16-17-14-8-11-10-9
85.8805 8 1 2 18 15 24 10 700,4158 692 4 18-19-17-16-15
85.9569 8 0 1 18 3 360 1 1481,1819,3741 -1 -1 
85.9903 8 0 1 6 13 360 1 1134,4986,6848 -1 -1 
86.027 8 1 1 9 18 360 1 1111,2783,6432 2 3 9-10-11-18
86.0451 8 1 1 2 17 360 1 3326,6286,6494 1 6 2-7-8-11-18-19-17
86.0529 8 0 1 8 4 360 1 3876,4741,4862 -1 -1 
86.0747 8 1 1 9 6 360 1 1609,5265,8043 0 3 9-7-3-6
86.0831 8 1 1 17 14 360 1 1255,3107,6333 0 1 17-14
86.2799 8 1 2 1 18 66 10 1308,3809 1392 4 1-7-8-11-18
86.4646 8 1 1 2 19 360 1 169,3559,6091 2 5 2-4-10-11-18-19
86.6758 8 1 2 18 7 54 10 3710,8371 3762 3 18-11-8-7
86.731 8 1 1 4 1 360 1 1333,2128,5381 0 3 4-6-3-1
86.9474 8 1 1 1 18 360 1 4003,5519,7204 2 4 1-7-8-11-18
86.9526 8 1 1 12 14 360 1 1927,7049,7399 0 1 12-14
86.9614 8 1 1 8 13 360 1 3855,3964,6707 0 3 8-14-12-13
86.9806 8 1 1 1 9 360 1 1152,3015,3433 2 2 1-7-9
87.0305 8 1 2 6 1 84 10 7092,7664 7084 2 6-3-1
87.5482 8 1 2 14 4 60 10 663,7013 1243 4 14-8-7-3-4
87.6053 8 1 1 6 5 360 1 5313,5492,8053 0 2 6-4-5
87.6228 8 1 1 19 9 360 1 3508,4429,8114 2 4 19-18-11-10-9
87.6347 8 0 1 11 19 360 1 318,817,4545 -1 -1 
87.9508 8 1 1 2 5 360 1 2050,6154,6867 0 4 2-1-3-4-5
88.1021 8 1 2 4 2 300 10 3789,5326 3781 1 4-2
88.193 8 1 1 2 16 360 1 4932,5047,7308 2 5 2-7-8-14-17-16
88.2243 8 1 1 19 18 360 1 433,3617,5978 2 1 19-18
88.2323 8 1 2 10 6 204 10 964,2541 1386 5 10-9-7-2-4-6
88.2917 8 1 2 14 1 24 10 1644,4405 1704 3 14-8-7-1
88.4604 8 1 1 11 16 360 1 2250,5003,7469 2 4 11-18-19-17-16
88.4855 8 1 1 15 14 360 1 220,6011,7808 0 2 15-12-14
88.5612 8 1 1 6 5 360 1 1205,2461,7152 2 2 6-4-5
88.6629 8 1 2 3 8 12 10 1160,2811 1158 2 3-7-8
88.7919 8 1 1 6 5 360 1 634,3337,5013 0 2 6-4-5
88.8611 8 1 1 13 17 360 1 1429,4663,5055 1 3 13-15-16-17
88.9203 8 0 1 2 18 360 1 747,1074,5309 -1 -1 
88.9862 8 1 2 15 14 222 10 3068,4718 3069 3 15-16-17-14
89.0005 8 1 1 6 10 360 1 2076,3256,6604 0 2 6-4-10
89.0141 8 1 1 4 13 360 1 2290,3286,7406 2 6 4-10-11-8-14-12-13
89.0149 8 0 1 14 8 360 1 873,1370,4021 -1 -1 
89.0978 8 1 2 3 19 24 10 1225,8206 1343 5 3-7-8-11-18-19
89.3275 8 1 2 17 12 48 10 3373,6947 3365 2 17-14-12
89.4112 8 1 1 19 13 360 1 795,3914,6008 1 4 19-17-14-12-13
89.682 8 1 1 15 6 360 1 1634,6030,8129 2 6 15-12-14-8-7-3-6
89.7517 8 1 2 14 4 114 10 3660,3975 3799 6 14-17-19-18-11-10-4
89.7604 8 0 1 8 15 360 1 181,696,5368 -1 -1 
89.9068 8 1 1 17 2 360 1 116,6480,8008 1 6 17-19-18-11-8-7-2
89.9184 8 1 2 14 12 12 10 2540,7849 2532 1 14-12
90.1682 9 1 1 17 12 360 1 502,1284,5372 0 2 17-14-12
90.2282 9 1 1 2 9 360 1 660,794,1379 0 2 2-7-9
90.2719 9 0 2 18 9 294 10 49,626 -1 -1 
90.4285 9 1 1 11 10 360 1 3098,4213,7320 0 1 11-10
90.484 9 1 1 2 3 360 1 4459,5370,6036 0 2 2-7-3
90.5062 9 1 1 18 14 360 1 2297,3498,7017 2 3 18-19-17-14
90.6386 9 1 2 8 6 168 10 2558,7112 4533 3 8-7-3-6
90.6762 9 0 2 19 6 126 10 2769,3042 -1 -1 
90.8356 9 1 2 6 1 18 10 2798,4375 2789 2 6-3-1
91.11 9 1 2 10 14 30 10 1543,4925 1534 5 10-11-18-19-17-14
91.1422 9 1 2 5 1 234 10 281,5372 272 3 5-4-3-1
91.1908 9 1 1 5 14 360 1 1695,6527,7544 2 5 5-4-10-11-8-14
91.4292 9 1 1 10 4 360 1 389,6574,7811 1 1 10-4
91.7911 9 0 1 17 10 360 1 624,1330,5705 -1 -1 
91.8614 9 0 1 8 4 360 1 2563,4703,5255 -1 -1 
92.2091 9 1 1 11 3 360 1 1258,2760,6502 2 3 11-8-7-3
92.5433 9 0 1 8 3 360 1 740,1696,2478 -1 -1 
92.6016 9 1 1 10 9 360 1 2215,2770,4040 0 1 10-9
92.7944 9 0 1 2 13 360 1 192,3417,5996 -1 -1 
92.7998 9 1 2 7 2 78 10 2456,3302 2447 1 7-2
92.9799 9 0 1 19 11 360 1 3249,3656,5916 -1 -1 
93.0499 9 1 1 19 14 360 1 2687,3586,7050 2 2 19-17-14
93.104 9 1 2 7 6 48 10 2484,4979 2475 3 7-1-3-6
93.2652 9 1 1 15 5 360 1 2941,4133,7817 2 7 15-12-14-8-11-10-4-5
93.3835 9 1 1 16 14 360 1 2333,3408,5992 1 2 16-17-14
93.5128 9 1 2 1 2 12 10 5256,7877 5247 1 1-2
93.5468 9 1 1 10 9 360 1 1874,6021,7737 0 1 10-9
93.5865 9 1 2 11 8 60 10 1235,6882 1242 1 11-8
93.7242 9 1 1 15 3 360 1 2185,4173,7404 2 5 15-12-14-8-7-3
93.7387 9 1 1 7 14 360 1 1297,6640,7791 2 2 7-8-14
93.8518 9 0 1 8 15 360 1 3699,3757,5846 -1 -1 
93.8877 9 0 1 13 7 360 1 998,5374,6644 -1 -1 
94.0462 9 1 1 2 6 360 1 595,3306,4196 0 2 2-4-6
94.085 9 1 1 17 1 360 1 637,4848,7517 2 4 17-14-8-7-1
94.115 9 0 1 16 11 360 1 1810,2625,5844 -1 -1 
94.2182 9 1 1 15 8 360 1 1923,6806,7629 2 4 15-16-17-14-8
94.3638 9 1 1 6 14 360 1 1784,2972,8225 2 4 6-3-7-8-14
94.5462 9 1 2 16 18 102 10 275,6486 266 3 16-17-19-18
94.756 9 1 2 18 2 18 10 8529,8538 8520 4 18-11-8-7-2
95.0357 9 1 1 7 1 360 1 4570,6564,8144 0 1 7-1
95.372 9 0 1 15 18 360 1 1057,1130,3775 -1 -1 
95.4179 9 1 2 15 11 210 10 5661,7060 6085 4 15-12-14-8-11
95.499 9 1 1 5 1 360 1 634,1208,7417 0 3 5-4-3-1
95.6089 9 1 1 10 7 360 1 1434,1917,4498 0 5 10-4-6-3-1-7
95.748 9 1 1 11 6 360 1 1974,4144,7230 2 3 11-10-4-6
95.7684 9 0 1 17 5 360 1 864,917,2309 -1 -1 
96.0537 9 1 1 16 17 360 1 3517,4607,6684 1 1 16-17
96.4565 9 0 1 17 10 360 1 3338,5724,7023 -1 -1 
96.5371 9 1 1 5 12 360 1 3650,4437,7177 2 6 5-4-10-11-8-14-12
96.733 9 1 2 16 10 168 10 109,2754 150 6 16-15-12-14-8-11-10
96.7332 9 1 1 5 13 360 1 7419,7618,8187 0 9 5-4-10-11-18-19-17-16-15-13
96.7485 9 1 2 12 13 42 10 4132,7305 4123 1 12-13
96.9776 9 0 1 3 19 360 1 2452,5359,6603 -1 -1 
97.0969 9 1 1 2 6 360 1 1416,6058,7063 0 3 2-1-3-6
97.2866 9 0 1 1 16 360 1 1460,1686,2797 -1 -1 
97.4459 9 1 1 14 15 360 1 5305,7114,7802 0 2 14-12-15
97.4733 9 1 2 7 3 66 10 2410,6219 2401 3 7-2-4-3
97.5046 9 1 1 9 13 360 1 507,2359,8104 2 5 9-7-8-14-12-13
97.5913 9 1 1 17 16 360 1 2431,2530,6970 2 1 17-16
97.6939 9 1 1 7 18 360 1 2355,5351,6304 2 3 7-8-11-18
97.7683 9 0 1 14 11 360 1 312,1432,5350 -1 -1 
98.0033 9 1 2 5 11 72 10 1592,7705 1826 3 5-4-10-11
98.0619 9 0 2 17 7 120 10 687,1201 -1 -1 
98.0795 9 1 1 1 6 360 1 102,5190,6321 0 2 1-3-6
98.2782 9 1 1 6 8 360 1 1228,2497,6331 2 3 6-3-7-8
98.3409 9 0 1 2 18 360 1 388,2121,6829 -1 -1 
98.6394 9 0 1 15 6 360 1 157,2716,3692 -1 -1 
98.7554 9 1 1 10 3 360 1 1135,2708,6580 1 3 10-4-6-3
98.7747 9 1 2 16 2 54 10 1433,3394 1457 7 16-17-19-18-11-8-7-2
98.8685 9 1 2 4 9 12 10 100,1670 91 4 4-3-1-7-9
98.9146 9 1 1 9 1 360 1 135,5745,7766 1 3 9-7-3-1
99.1782 9 1 1 2 17 360 1 5079,5294,7882 2 4 2-7-8-14-17
99.22 9 1 1 11 17 360 1 1227,7431,8164 1 3 11-18-19-17
99.3069 9 1 2 2 1 288 10 1202,3459 1193 1 2-1
99.6564 9 0 1 18 6 360 1 1254,1526,2853 -1 -1 
99.9646 9 1 1 16 12 360 1 1181,1218,2039 0 2 16-15-12
100.035 10 0 1 12 1 360 1 1528,1922,4198 -1 -1 
