Arr_rate Arr_Time  arr_TS  is_acc  is_USST src  dest  dur  rate  ARopt  selectedOp  pathLen  path
0.00814471 0 1 1 16 10 360 1 4759,7264,7575 0 5 16-17-19-18-11-10
0.0193824 0 1 1 7 12 360 1 3571,3915,5584 0 3 7-8-14-12
0.0312351 0 1 1 14 16 360 1 1913,5595,7877 0 2 14-17-16
0.0736474 0 1 2 5 12 12 10 3606,5411 3606 6 5-4-10-11-8-14-12
0.100567 0 1 2 2 4 228 10 1626,6652 1626 1 2-4
0.137446 0 1 1 3 17 360 1 1110,1150,6312 0 4 3-7-8-14-17
0.137866 0 1 1 16 9 360 1 1358,2693,5323 0 5 16-17-14-8-7-9
0.166275 0 1 1 4 5 360 1 1694,4137,5924 0 1 4-5
0.172514 0 1 2 8 17 156 10 1613,8387 1613 2 8-14-17
0.181433 0 1 1 12 2 360 1 635,5014,6415 0 4 12-14-8-7-2
0.211079 0 1 1 13 8 360 1 1049,1796,2602 0 3 13-12-14-8
0.217757 0 1 2 15 8 42 10 1721,6323 1721 3 15-12-14-8
0.261716 0 1 2 9 5 72 10 1683,2424 1683 3 9-10-4-5
0.28349 0 1 2 9 7 222 10 5259,5285 5259 1 9-7
0.284794 0 1 1 6 17 360 1 2122,4164,7011 0 5 6-3-7-8-14-17
0.286445 0 1 1 15 17 360 1 1586,4486,7603 0 2 15-16-17
0.292499 0 1 2 6 11 36 10 336,4634 336 3 6-4-10-11
0.294483 0 1 1 17 4 360 1 2448,5251,7577 0 5 17-19-18-11-10-4
0.295626 0 1 2 14 11 24 10 2867,2868 2867 2 14-8-11
0.296234 0 1 2 16 4 216 10 1543,2650 1543 6 16-17-19-18-11-10-4
0.33101 0 1 2 12 17 24 10 6142,6595 6142 2 12-14-17
0.339993 0 1 1 10 3 360 1 2508,5120,8163 0 2 10-4-3
0.363389 0 1 1 14 12 360 1 326,6131,6178 0 1 14-12
0.36366 0 1 2 11 19 36 10 5560,6831 5560 2 11-18-19
0.393036 0 1 1 5 6 360 1 3221,4795,5735 0 2 5-4-6
0.397645 0 1 1 14 13 360 1 4179,7157,7211 0 2 14-12-13
0.39901 0 1 1 3 9 360 1 3738,4425,6677 0 2 3-7-9
0.406825 0 1 1 13 7 360 1 3870,6450,7246 0 4 13-12-14-8-7
0.427993 0 1 1 8 7 360 1 4194,5818,6504 0 1 8-7
0.448256 0 1 1 6 17 360 1 4129,4319,8162 0 5 6-3-7-8-14-17
0.488591 0 1 1 13 4 360 1 1433,4165,8184 0 6 13-12-14-8-7-3-4
0.504733 0 1 1 13 10 360 1 1211,2919,3585 0 5 13-12-14-8-11-10
0.505094 0 1 1 4 5 360 1 805,4290,5897 0 1 4-5
0.513494 0 1 2 16 9 324 10 377,6285 377 5 16-17-14-8-7-9
0.534319 0 1 1 12 7 360 1 4470,7450,7865 0 3 12-14-8-7
0.539192 0 1 1 11 12 360 1 3548,3620,4071 0 3 11-8-14-12
0.539342 0 1 2 9 15 24 10 5746,5883 5746 5 9-7-8-14-12-15
0.575986 0 1 2 11 18 114 10 4820,5128 4820 1 11-18
0.584016 0 1 2 12 11 96 10 5764,6936 5764 3 12-14-8-11
0.586149 0 1 1 19 12 360 1 2111,3782,4063 0 3 19-17-14-12
0.593273 0 1 1 1 17 360 1 1239,2728,7198 0 4 1-7-8-14-17
0.602166 0 1 1 12 17 360 1 167,2362,3166 0 2 12-14-17
0.608803 0 1 1 16 1 360 1 1915,3530,6017 0 5 16-17-14-8-7-1
0.619736 0 1 1 10 9 360 1 4278,4996,7987 0 1 10-9
0.625525 0 1 1 12 15 360 1 54,1308,7475 0 1 12-15
0.625627 0 1 1 2 13 360 1 6042,6171,7283 0 5 2-7-8-14-12-13
0.628175 0 1 1 18 13 360 1 2131,3351,6359 0 5 18-19-17-16-15-13
0.646713 0 1 2 8 1 222 10 4966,6707 4966 2 8-7-1
0.649453 0 1 1 6 5 360 1 3039,3356,7849 0 2 6-4-5
0.655955 0 1 1 9 18 360 1 3564,4015,8211 0 3 9-10-11-18
0.658774 0 1 2 6 11 18 10 4599,7992 4599 3 6-4-10-11
0.666012 0 1 2 12 1 24 10 5351,6833 5351 4 12-14-8-7-1
0.704892 0 1 2 11 2 18 10 4652,4846 4652 3 11-8-7-2
0.734566 0 1 2 8 9 12 10 1167,7931 1167 2 8-7-9
0.772058 0 1 2 15 14 222 10 2376,3751 2376 2 15-12-14
0.815781 0 1 2 16 17 54 10 1454,4710 1454 1 16-17
0.821452 0 1 2 14 10 78 10 695,4906 695 3 14-8-11-10
0.826802 0 1 2 6 5 30 10 4839,7907 4839 2 6-4-5
0.840936 0 1 1 2 6 360 1 432,3839,6233 0 2 2-4-6
0.846763 0 1 2 14 3 216 10 4731,8225 4731 3 14-8-7-3
0.867202 0 1 1 4 5 360 1 246,3031,3667 0 1 4-5
0.87851 0 1 1 13 11 360 1 2863,3193,3458 0 4 13-12-14-8-11
0.887957 0 1 2 4 17 60 10 1469,5350 1469 5 4-10-11-18-19-17
0.905608 0 1 1 3 1 360 1 2152,3358,4107 0 1 3-1
0.925366 0 1 1 13 6 360 1 2335,3571,5849 0 6 13-12-14-8-7-3-6
0.966629 0 1 1 3 9 360 1 226,2213,4999 0 2 3-7-9
0.970638 0 1 1 3 19 360 1 3011,4476,7832 0 5 3-4-10-11-18-19
0.974645 0 1 1 15 17 360 1 3430,4513,8254 0 2 15-16-17
0.984501 0 1 2 18 1 18 10 1930,2450 1930 4 18-11-8-7-1
1.00263 0 1 1 8 2 360 1 1961,3393,6820 0 2 8-7-2
1.00996 0 1 1 13 17 360 1 5226,5731,7893 0 3 13-15-16-17
1.01934 0 1 1 9 3 360 1 2625,5446,7248 0 2 9-7-3
1.02701 0 1 1 6 14 360 1 885,6521,6768 0 4 6-3-7-8-14
1.05826 0 1 1 12 10 360 1 1420,4258,5156 0 4 12-14-8-11-10
1.05841 0 1 1 18 17 360 1 2017,4478,7519 0 2 18-19-17
1.06255 0 1 1 4 17 360 1 520,3931,5030 0 5 4-10-11-18-19-17
1.06853 0 1 1 9 4 360 1 2283,4198,6334 0 2 9-10-4
1.0714 0 1 2 18 11 90 10 5804,7921 5804 1 18-11
1.08379 0 1 1 8 9 360 1 398,1389,2745 0 2 8-7-9
1.11277 0 1 2 15 4 108 10 2995,7268 2995 6 15-12-14-8-11-10-4
1.11684 0 1 1 10 1 360 1 795,2401,2993 0 3 10-9-7-1
1.11868 0 1 2 10 6 102 10 1632,4356 1632 4 10-9-7-3-6
1.14456 0 1 1 5 4 360 1 4728,5199,6827 0 1 5-4
1.16865 0 1 1 7 5 360 1 3953,5003,6393 0 3 7-3-4-5
1.17593 0 1 1 16 13 360 1 1005,3297,6423 0 2 16-15-13
1.18955 0 1 1 4 15 360 1 2692,4683,5348 0 6 4-10-11-8-14-12-15
1.19845 0 1 2 8 16 246 10 448,5187 448 3 8-14-17-16
1.21191 0 1 1 1 13 360 1 3250,5305,7655 0 5 1-7-8-14-12-13
1.22068 0 1 1 7 10 360 1 6,1358,6592 0 2 7-9-10
1.2471 0 1 1 7 12 360 1 6109,7897,8135 0 3 7-8-14-12
1.25401 0 1 1 18 2 360 1 2614,5461,6115 0 4 18-11-8-7-2
1.28439 0 1 1 14 10 360 1 933,6594,7185 0 3 14-8-11-10
1.32189 0 1 1 3 8 360 1 1373,1668,6807 0 2 3-7-8
1.35455 0 1 1 11 12 360 1 1884,4022,7554 0 3 11-8-14-12
1.36643 0 1 1 10 19 360 1 132,2054,2433 0 3 10-11-18-19
1.40277 0 1 1 3 9 360 1 916,6580,6990 0 2 3-7-9
1.42156 0 1 1 9 4 360 1 396,507,8049 0 2 9-10-4
1.43057 0 1 2 15 2 36 10 4852,4974 4852 5 15-12-14-8-7-2
1.46129 0 1 1 4 2 360 1 308,3449,4506 0 1 4-2
1.49368 0 1 1 18 4 360 1 4296,4736,4759 0 3 18-11-10-4
1.49806 0 1 1 10 8 360 1 425,1211,6961 0 2 10-11-8
1.4989 0 1 1 10 13 360 1 3771,7091,7299 0 5 10-11-8-14-12-13
1.50061 0 1 1 18 6 360 1 1199,2752,4215 0 4 18-11-10-4-6
1.51169 0 1 1 7 11 360 1 1869,5142,7099 0 2 7-8-11
1.52407 0 1 1 19 9 360 1 197,5148,7302 0 4 19-18-11-10-9
1.52998 0 1 1 7 17 360 1 2624,3606,5991 0 3 7-8-14-17
1.56642 0 1 1 6 9 360 1 1045,1254,2509 0 3 6-4-10-9
1.57057 0 1 1 8 16 360 1 829,4166,7482 0 3 8-14-17-16
1.61259 0 1 1 1 17 360 1 1086,3712,7281 0 4 1-7-8-14-17
1.63309 0 1 2 4 3 96 10 6582,8470 6582 1 4-3
1.6608 0 1 1 17 15 360 1 2433,3922,5733 0 2 17-16-15
1.6808 0 1 1 1 9 360 1 2,1333,1923 0 2 1-7-9
1.685 0 1 2 9 6 54 10 1490,1753 1490 3 9-7-3-6
1.68864 0 1 1 4 5 360 1 1149,4587,5975 0 1 4-5
1.70982 0 1 1 15 14 360 1 840,3015,7652 0 2 15-12-14
1.71883 0 1 2 3 2 252 10 3715,5476 3715 2 3-7-2
1.76105 0 1 2 11 7 12 10 555,7204 555 2 11-8-7
1.76991 0 1 1 14 3 360 1 642,1730,2386 0 7 14-17-19-18-11-8-7-3
1.82828 0 1 1 1 12 360 1 788,840,4899 0 4 1-7-8-14-12
1.82985 0 1 1 14 10 360 1 510,6264,7906 0 5 14-17-19-18-11-10
1.83822 0 1 1 15 7 360 1 1464,2946,8264 0 4 15-12-14-8-7
1.83996 0 1 1 18 5 360 1 2083,5634,7634 0 4 18-11-10-4-5
1.8496 0 1 1 12 7 360 1 378,5140,6601 0 8 12-14-17-19-18-11-10-9-7
1.86211 0 1 1 4 14 360 1 457,4628,6708 0 6 4-10-11-18-19-17-14
1.86459 0 1 1 8 5 360 1 3221,7283,7545 0 4 8-11-10-4-5
1.86877 0 1 1 4 14 360 1 2620,3138,3957 0 4 4-10-11-8-14
1.87224 0 1 1 14 1 360 1 489,2074,3874 0 8 14-17-19-18-11-10-9-7-1
1.88444 0 1 2 15 17 102 10 4351,6806 4351 2 15-16-17
1.88906 0 1 1 12 4 360 1 405,2358,6738 0 7 12-14-17-19-18-11-10-4
1.89591 0 1 1 19 5 360 1 3930,5015,6673 0 5 19-18-11-10-4-5
1.89722 0 1 2 7 6 18 10 1150,5696 1150 2 7-3-6
1.91905 0 1 2 1 3 12 10 3282,4379 3282 1 1-3
1.92438 0 1 1 15 1 360 1 1900,2031,2690 0 5 15-12-14-8-7-1
1.92548 0 1 1 1 5 360 1 2025,2501,6470 0 3 1-3-4-5
1.97081 0 1 2 1 4 24 10 5583,8086 5583 2 1-3-4
1.98405 0 1 2 9 17 72 10 4600,7735 4600 4 9-7-8-14-17
1.99157 0 1 1 2 5 360 1 1347,7152,8032 0 2 2-4-5
1.9997 0 1 1 18 19 360 1 5620,6213,7722 0 1 18-19
2.00111 0 1 2 19 4 294 10 3270,4414 3270 4 19-18-11-10-4
2.03039 0 1 1 5 14 360 1 1945,2070,3327 0 5 5-4-10-11-8-14
2.06812 0 1 2 13 16 30 10 2532,2653 2532 2 13-15-16
2.07544 0 1 1 18 19 360 1 496,3157,3480 0 1 18-19
2.07841 0 1 2 12 19 102 10 6694,7725 6694 3 12-14-17-19
2.08833 0 1 2 19 13 30 10 4175,6377 4175 4 19-17-16-15-13
2.09072 0 1 2 9 14 48 10 4330,5849 4330 3 9-7-8-14
2.09628 0 1 1 11 16 360 1 1663,6253,6998 0 4 11-18-19-17-16
2.11221 0 1 1 5 9 360 1 335,7706,7737 0 3 5-4-10-9
2.13033 0 1 2 11 14 12 10 1611,2071 1611 2 11-8-14
2.14932 0 1 1 9 19 360 1 1065,1750,4464 0 4 9-10-11-18-19
2.17398 0 1 2 17 16 126 10 5101,6555 5101 1 17-16
2.18976 0 1 2 4 18 12 10 4970,6618 4970 3 4-10-11-18
2.19266 0 1 1 17 19 360 1 2113,4717,6815 0 1 17-19
2.21274 0 1 1 4 14 360 1 1821,7244,7531 0 4 4-10-11-8-14
2.21654 0 1 1 12 19 360 1 6179,6857,7940 0 3 12-14-17-19
2.24994 0 1 1 9 5 360 1 1731,2629,4823 0 4 9-7-3-4-5
2.29073 0 1 2 11 6 24 10 303,6550 303 3 11-10-4-6
2.30049 0 1 2 3 5 12 10 4912,8346 4912 2 3-4-5
2.34769 0 1 2 17 6 180 10 7073,8149 7073 5 17-14-8-7-3-6
2.37129 0 1 1 2 17 360 1 3726,5048,7924 0 4 2-7-8-14-17
2.38114 0 1 1 17 4 360 1 2786,5550,7205 0 5 17-19-18-11-10-4
2.41274 0 1 2 19 13 138 10 170,7398 170 4 19-17-16-15-13
2.41693 0 1 2 8 1 18 10 305,7120 305 2 8-7-1
2.41762 0 1 1 6 12 360 1 5180,5422,5646 0 5 6-3-7-8-14-12
2.44207 0 1 2 18 9 228 10 2783,5494 2783 3 18-11-10-9
2.44764 0 1 2 5 19 276 10 2453,4436 2453 5 5-4-10-11-18-19
2.45587 0 1 1 14 3 360 1 2533,4582,7535 0 3 14-8-7-3
2.4723 0 1 1 10 18 360 1 1766,3063,8154 0 2 10-11-18
2.47815 0 1 2 7 3 48 10 7972,8125 7972 1 7-3
2.49865 0 1 1 14 3 360 1 561,2707,8098 0 7 14-17-19-18-11-10-4-3
2.51638 0 1 2 4 10 30 10 5751,8073 5751 1 4-10
2.52802 0 1 2 10 12 24 10 1529,4519 1529 4 10-11-8-14-12
2.5471 0 1 1 3 15 360 1 686,774,6945 0 8 3-4-10-11-18-19-17-16-15
2.56629 0 1 1 11 14 360 1 811,3186,4604 0 2 11-8-14
2.59717 0 1 1 7 10 360 1 1556,3458,4234 0 2 7-9-10
2.64598 0 1 1 1 16 360 1 3680,3706,6244 0 5 1-7-8-14-17-16
2.65635 0 1 2 2 13 210 10 2317,5776 2317 5 2-7-8-14-12-13
2.66228 0 1 1 7 17 360 1 901,3074,8135 0 3 7-8-14-17
2.678 0 1 1 5 6 360 1 2908,4948,6413 0 2 5-4-6
2.73499 0 1 1 15 10 360 1 1539,5851,6876 0 6 15-16-17-19-18-11-10
2.74745 0 1 1 14 2 360 1 1351,1647,6120 0 7 14-17-19-18-11-8-7-2
2.7648 0 1 1 17 14 360 1 4473,5060,7217 0 1 17-14
2.76593 0 1 1 17 13 360 1 580,4058,8268 0 3 17-16-15-13
2.772 0 1 2 8 18 36 10 973,5786 973 2 8-11-18
2.7825 0 1 1 6 10 360 1 2285,2929,7442 0 2 6-4-10
2.78364 0 1 1 2 17 360 1 1859,2905,6390 0 4 2-7-8-14-17
2.79487 0 1 1 15 8 360 1 859,3396,7466 0 3 15-12-14-8
2.8009 0 1 1 6 13 360 1 365,5152,6828 0 9 6-4-10-11-18-19-17-16-15-13
2.84981 0 1 1 6 18 360 1 1393,2028,7220 0 5 6-3-7-8-11-18
2.8858 0 1 1 8 12 360 1 216,4206,7061 0 2 8-14-12
2.90414 0 1 2 19 13 30 10 1267,7781 1267 4 19-17-16-15-13
2.91288 0 1 1 13 1 360 1 2509,3919,7133 0 5 13-12-14-8-7-1
2.91369 0 1 1 13 16 360 1 257,287,3381 0 2 13-15-16
2.91478 0 1 1 11 4 360 1 1623,6511,7188 0 4 11-8-7-3-4
2.95291 0 1 1 4 9 360 1 4042,4205,4962 0 2 4-10-9
2.95894 0 1 1 16 11 360 1 1474,5352,5941 0 4 16-17-19-18-11
2.96643 0 1 1 8 5 360 1 1211,2964,6222 0 4 8-11-10-4-5
2.97053 0 1 2 18 4 270 10 1822,4175 1822 3 18-11-10-4
2.97195 0 1 1 10 17 360 1 680,5107,7552 0 7 10-9-7-8-11-18-19-17
2.97515 0 1 1 18 14 360 1 253,1813,4406 0 3 18-19-17-14
3.03587 0 1 1 9 7 360 1 1058,4365,6892 0 1 9-7
3.04011 0 1 1 3 17 360 1 3069,3242,3623 0 4 3-7-8-14-17
3.05569 0 1 1 14 1 360 1 90,1620,7864 0 3 14-8-7-1
3.14162 0 1 2 8 16 114 10 3545,5968 3545 3 8-14-17-16
3.16272 0 1 1 4 3 360 1 3287,4858,7004 0 1 4-3
3.16376 0 1 2 4 6 258 10 5277,5702 5277 1 4-6
3.18018 0 1 2 15 10 72 10 7194,8527 7194 5 15-12-14-8-11-10
3.21976 0 1 1 17 8 360 1 24,5883,7236 0 2 17-14-8
3.23497 0 1 1 1 7 360 1 1708,4512,4944 0 1 1-7
3.2592 0 1 1 16 19 360 1 313,4240,8077 0 2 16-17-19
3.30453 0 1 1 19 3 360 1 2909,5000,6149 0 5 19-17-14-8-7-3
3.30612 0 1 1 10 6 360 1 1721,4516,6617 0 4 10-9-7-3-6
3.31538 0 1 2 14 1 90 10 1157,4245 1157 3 14-8-7-1
3.35415 0 1 1 15 12 360 1 848,2088,5303 0 1 15-12
3.35545 0 1 2 5 9 12 10 1522,6938 1522 3 5-4-10-9
3.36852 0 1 1 12 13 360 1 5345,6264,6725 0 1 12-13
3.38371 0 1 2 16 9 60 10 5494,7120 5494 5 16-17-14-8-7-9
3.42865 0 1 1 7 12 360 1 1287,4027,6578 0 7 7-8-11-18-19-17-14-12
3.44806 0 1 1 13 1 360 1 68,2118,2272 0 5 13-12-14-8-7-1
3.45283 0 1 1 14 12 360 1 412,4474,6815 0 1 14-12
3.45675 0 1 1 15 18 360 1 5132,5999,6139 0 4 15-16-17-19-18
3.4769 0 1 1 17 3 360 1 2716,2756,7417 0 4 17-14-8-7-3
3.49792 0 1 1 12 1 360 1 348,5797,6762 1 4 12-14-8-7-1
3.5081 0 1 1 5 2 360 1 1698,3802,5741 0 2 5-4-2
3.517 0 1 1 15 2 360 1 769,3636,5069 0 5 15-12-14-8-7-2
3.57183 0 1 1 6 15 360 1 4463,4912,4931 0 6 6-3-7-8-14-12-15
3.62315 0 1 1 12 5 360 1 114,1563,4484 0 6 12-14-8-11-10-4-5
3.63689 0 1 2 14 15 144 10 6729,7451 6729 2 14-12-15
3.67854 0 1 1 13 15 360 1 3479,7679,8103 0 1 13-15
3.68285 0 1 2 11 13 24 10 6610,7030 6610 4 11-8-14-12-13
3.69092 0 1 1 16 17 360 1 2321,5508,6957 0 1 16-17
3.70765 0 1 2 12 18 102 10 1308,2183 1308 4 12-14-17-19-18
3.72571 0 1 1 12 2 360 1 666,2315,5257 0 8 12-14-17-19-18-11-8-7-2
3.7348 0 1 1 12 3 360 1 2772,4410,6853 0 4 12-14-8-7-3
3.73768 0 1 1 5 7 360 1 1236,1976,4615 0 3 5-4-3-7
3.77618 0 1 1 2 4 360 1 4845,8179,8228 0 1 2-4
3.80318 0 1 1 2 3 360 1 850,3072,4753 0 2 2-7-3
3.82807 0 1 2 3 1 114 10 1801,6928 1801 1 3-1
3.85476 0 1 1 19 6 360 1 2449,7133,7241 0 5 19-18-11-10-4-6
3.87291 0 1 1 7 13 360 1 2667,4519,5716 0 4 7-8-14-12-13
3.8821 0 1 2 1 5 54 10 78,7350 78 3 1-3-4-5
3.88912 0 1 2 8 5 30 10 1101,1771 1101 4 8-11-10-4-5
3.88985 0 1 1 19 16 360 1 2357,2810,6943 0 2 19-17-16
3.90311 0 1 2 13 14 78 10 1212,5491 1212 2 13-12-14
3.91277 0 1 1 2 4 360 1 2224,3361,8141 0 1 2-4
3.9343 0 1 2 14 4 252 10 467,1568 701 4 14-8-7-3-4
3.96205 0 1 1 7 10 360 1 224,788,4897 0 2 7-9-10
3.96761 0 1 1 18 10 360 1 603,2394,5837 0 5 18-11-8-7-9-10
3.97071 0 1 1 2 5 360 1 2528,4306,4846 0 2 2-4-5
3.98613 0 1 1 16 8 360 1 434,2749,5510 0 5 16-17-19-18-11-8
4.06192 0 1 1 2 9 360 1 806,2534,2800 0 2 2-7-9
4.08544 0 1 2 9 13 162 10 1070,7998 1070 8 9-10-11-18-19-17-16-15-13
4.14959 0 1 2 11 2 264 10 300,6195 327 3 11-10-4-2
4.16192 0 1 2 7 15 18 10 7059,8134 7059 4 7-8-14-12-15
4.18211 0 1 1 10 3 360 1 523,1725,6768 0 2 10-4-3
4.18271 0 1 1 1 17 360 1 2070,2697,8138 0 4 1-7-8-14-17
4.19534 0 1 1 4 7 360 1 944,6058,6066 0 2 4-3-7
4.19675 0 1 1 4 12 360 1 3032,5275,7645 0 5 4-10-11-8-14-12
4.2132 0 1 1 1 16 360 1 2345,3633,5034 0 5 1-7-8-14-17-16
4.22684 0 1 1 10 9 360 1 1308,2784,4315 0 1 10-9
4.23231 0 1 1 13 16 360 1 1458,2207,4656 0 2 13-15-16
4.24285 0 1 1 1 2 360 1 5730,5766,5867 0 1 1-2
4.26267 0 1 1 17 3 360 1 6649,7576,7722 0 4 17-14-8-7-3
4.26368 0 1 1 18 6 360 1 1335,3121,3320 0 5 18-11-8-7-3-6
4.27849 0 1 1 12 8 360 1 2078,7350,7943 0 2 12-14-8
4.28977 0 1 1 15 19 360 1 1260,2780,5236 0 3 15-16-17-19
4.29305 0 1 1 6 8 360 1 3757,4209,5724 0 3 6-3-7-8
4.3323 0 1 1 13 3 360 1 1142,2481,5066 0 7 13-12-14-8-11-10-4-3
4.33856 0 1 1 6 4 360 1 5940,7417,7778 0 1 6-4
4.35194 0 1 2 16 10 12 10 4806,6371 4806 5 16-17-19-18-11-10
4.356 0 1 1 13 9 360 1 489,3961,5463 1 5 13-12-14-8-7-9
4.36036 0 1 2 6 11 114 10 1003,2838 1003 4 6-3-7-8-11
4.36164 0 1 1 12 6 360 1 271,879,4273 0 6 12-14-8-11-10-4-6
4.3634 0 1 1 16 18 360 1 1212,4139,4393 0 3 16-17-19-18
4.36346 0 1 2 2 7 96 10 714,7849 714 1 2-7
4.36728 0 1 1 13 3 360 1 1334,2302,4800 0 9 13-15-16-17-19-18-11-8-7-3
4.37775 0 1 1 13 6 360 1 2603,5520,8249 0 6 13-12-14-8-7-3-6
4.37859 0 1 2 3 16 30 10 2960,5008 2960 5 3-7-8-14-17-16
4.40145 0 1 1 16 10 360 1 1121,1372,4118 0 5 16-17-19-18-11-10
4.40404 0 1 1 8 9 360 1 5168,6189,6521 0 2 8-7-9
4.44726 0 1 1 7 13 360 1 1564,2431,7991 0 8 7-8-11-18-19-17-16-15-13
4.51303 0 1 2 7 3 198 10 6198,6900 6198 1 7-3
4.54808 0 1 1 2 1 360 1 232,1183,2870 0 1 2-1
4.58416 0 1 2 7 13 276 10 5680,5987 5680 8 7-8-11-18-19-17-16-15-13
4.62125 0 1 1 15 17 360 1 2250,3957,8274 0 2 15-16-17
4.64044 0 1 1 13 17 360 1 1159,4826,6650 0 3 13-15-16-17
4.64248 0 1 1 17 3 360 1 2038,6218,7980 0 4 17-14-8-7-3
4.65622 0 1 1 12 1 360 1 3110,5783,6114 0 4 12-14-8-7-1
4.65785 0 1 1 5 3 360 1 1348,1855,6932 0 2 5-4-3
4.69018 0 1 1 15 19 360 1 1196,1308,2735 0 3 15-16-17-19
4.82195 0 1 2 12 2 174 10 2645,7347 2645 4 12-14-8-7-2
4.83946 0 1 2 3 6 12 10 1027,7637 1027 1 3-6
4.89401 0 1 2 8 17 132 10 1389,4696 1389 2 8-14-17
4.9487 0 1 1 7 3 360 1 623,3228,7714 0 1 7-3
4.96496 0 1 1 18 8 360 1 2198,3347,6911 0 2 18-11-8
4.97293 0 1 2 4 3 12 10 1921,8328 1921 1 4-3
5.00101 0 1 1 14 2 360 1 99,1082,5262 0 3 14-8-7-2
5.01863 0 1 1 10 3 360 1 97,1456,8202 0 2 10-4-3
5.03286 0 1 2 10 4 48 10 4352,7682 4352 1 10-4
5.05438 0 1 2 15 8 312 10 5159,7277 5159 3 15-12-14-8
5.09423 0 1 1 3 13 360 1 1075,7770,8145 0 9 3-4-10-11-18-19-17-16-15-13
5.10977 0 1 2 6 14 120 10 3780,5799 3780 4 6-3-7-8-14
5.11748 0 1 1 8 14 360 1 2991,5004,7456 0 1 8-14
5.11838 0 1 1 1 2 360 1 539,2925,7610 0 1 1-2
5.12486 0 1 2 6 19 12 10 1038,8224 1038 5 6-4-10-11-18-19
5.12787 0 1 1 17 10 360 1 4479,5227,6822 0 4 17-19-18-11-10
5.13448 0 1 1 18 2 360 1 1343,3126,3511 0 4 18-11-8-7-2
5.14261 0 1 1 13 4 360 1 1002,3252,5309 0 8 13-15-16-17-19-18-11-10-4
5.14327 0 1 1 18 17 360 1 708,1553,8044 0 2 18-19-17
5.14481 0 1 2 13 9 198 10 4152,6375 4152 5 13-12-14-8-7-9
5.14804 0 1 1 1 19 360 1 3150,4801,6016 0 5 1-7-8-11-18-19
5.16675 0 1 2 12 3 72 10 4640,7132 4640 6 12-14-8-11-10-4-3
5.17152 0 1 2 6 7 36 10 568,7334 568 2 6-3-7
5.20076 0 1 1 12 15 360 1 4243,5909,7621 0 1 12-15
5.21742 0 1 1 1 16 360 1 674,1527,1869 1 7 1-7-8-11-18-19-17-16
5.22433 0 1 2 2 10 102 10 4816,8334 4816 2 2-4-10
5.25692 0 1 2 15 8 108 10 6399,8499 6399 3 15-12-14-8
5.34888 0 1 1 10 19 360 1 1410,1586,4399 2 3 10-11-18-19
5.35973 0 1 2 5 2 18 10 516,7691 516 2 5-4-2
5.36889 0 1 1 9 15 360 1 3993,6239,8206 0 5 9-7-8-14-12-15
5.41302 0 1 1 13 3 360 1 2118,2746,4802 0 5 13-12-14-8-7-3
5.4228 0 1 1 11 14 360 1 2089,3167,3293 0 2 11-8-14
5.45447 0 1 1 2 19 360 1 830,4901,5275 0 5 2-4-10-11-18-19
5.46744 0 1 1 3 13 360 1 2780,4437,6032 0 9 3-7-8-11-18-19-17-16-15-13
5.50688 0 1 1 11 9 360 1 4767,5822,6919 0 2 11-10-9
5.5192 0 1 1 11 9 360 1 1571,3763,7867 0 2 11-10-9
5.5253 0 1 2 2 7 24 10 2564,3510 2564 1 2-7
5.53505 0 1 1 8 2 360 1 1344,2074,2243 0 2 8-7-2
5.58172 0 1 1 13 6 360 1 3206,3816,6847 0 6 13-12-14-8-7-3-6
5.59899 0 1 2 7 14 132 10 1350,4629 1350 5 7-9-10-11-8-14
5.62539 0 1 2 1 10 24 10 3771,5237 3771 3 1-7-9-10
5.63781 0 1 1 13 5 360 1 3127,6258,7060 0 7 13-12-14-8-11-10-4-5
5.6386 0 1 1 10 2 360 1 678,1497,3746 0 2 10-4-2
5.63926 0 1 1 11 9 360 1 53,7291,8130 0 2 11-10-9
5.6536 0 1 1 5 1 360 1 2735,7517,7872 0 3 5-4-3-1
5.65418 0 1 1 8 5 360 1 2873,6272,7961 0 4 8-7-3-4-5
5.65556 0 1 2 4 11 264 10 5064,5783 5064 2 4-10-11
5.70064 0 1 1 10 2 360 1 3978,4919,7461 0 2 10-4-2
5.75744 0 1 1 6 10 360 1 2885,6556,8169 0 2 6-4-10
5.76052 0 1 2 6 13 24 10 3806,6081 3806 7 6-4-10-11-8-14-12-13
5.76847 0 1 1 10 14 360 1 1735,2976,4850 0 3 10-11-8-14
5.79983 0 1 1 3 7 360 1 3580,6320,7772 0 2 3-1-7
5.82599 0 1 1 15 11 360 1 1799,2585,7479 0 4 15-12-14-8-11
5.83098 0 1 1 7 16 360 1 3400,6458,7108 0 6 7-8-11-18-19-17-16
5.83458 0 1 1 2 12 360 1 338,2154,4375 1 4 2-7-8-14-12
5.83579 0 1 1 17 7 360 1 261,1212,3004 2 3 17-14-8-7
5.856 0 1 1 13 10 360 1 1654,2801,4602 0 5 13-12-14-8-11-10
5.86421 0 1 1 13 8 360 1 1427,1428,7659 2 3 13-12-14-8
5.88059 0 1 1 12 6 360 1 3537,4566,7297 0 8 12-14-17-19-18-11-10-4-6
5.89006 0 1 1 11 12 360 1 1965,3052,4818 0 3 11-8-14-12
5.92155 0 1 1 7 17 360 1 370,3611,6715 1 5 7-8-11-18-19-17
5.92831 0 1 1 8 14 360 1 4176,4326,4868 0 1 8-14
5.9368 0 1 2 3 11 354 10 52,4096 52 3 3-7-8-11
5.93889 0 1 1 2 15 360 1 1811,2352,5094 0 5 2-7-8-14-12-15
5.94453 0 1 2 10 11 300 10 1113,2678 1131 1 10-11
5.95197 0 1 1 6 5 360 1 280,4702,6468 0 2 6-4-5
5.97874 0 1 2 18 4 60 10 921,3321 921 3 18-11-10-4
5.99113 0 1 1 1 18 360 1 1276,2368,6088 1 4 1-7-8-11-18
6.01054 0 1 1 16 14 360 1 4145,7423,8023 0 2 16-17-14
6.03303 0 1 2 11 4 72 10 5360,6805 5360 2 11-10-4
6.03417 0 1 1 10 16 360 1 947,6813,8246 1 5 10-11-18-19-17-16
6.09013 0 1 1 10 14 360 1 4400,7410,8130 0 3 10-11-8-14
6.09529 0 1 1 15 13 360 1 2582,4732,6611 0 1 15-13
6.10165 0 1 2 6 19 42 10 2575,2986 2575 5 6-4-10-11-18-19
6.10308 0 1 2 10 1 12 10 3187,3251 3187 3 10-9-7-1
6.11114 0 1 1 1 18 360 1 2117,4109,6355 0 4 1-7-8-11-18
6.11141 0 1 2 4 1 96 10 2164,4620 2164 2 4-3-1
6.11183 0 1 1 10 17 360 1 599,883,4347 0 7 10-9-7-8-11-18-19-17
6.1362 0 1 1 6 9 360 1 636,892,6914 0 3 6-4-10-9
6.14331 0 1 1 5 19 360 1 1375,3349,4645 1 5 5-4-10-11-18-19
6.14765 0 1 2 8 2 204 10 1556,4094 1703 2 8-7-2
6.16181 0 1 1 13 5 360 1 3827,3875,3965 0 9 13-15-16-17-19-18-11-10-4-5
6.16573 0 1 1 18 12 360 1 702,5612,6351 0 4 18-19-17-14-12
6.18075 0 1 1 1 5 360 1 197,693,5887 0 3 1-3-4-5
6.22178 0 1 2 1 6 96 10 5083,7349 5083 2 1-3-6
6.23629 0 1 2 6 2 24 10 1138,8594 1138 2 6-4-2
6.26184 0 1 1 18 6 360 1 229,4650,7224 1 4 18-11-10-4-6
6.30575 0 1 1 16 4 360 1 2552,3114,5541 1 6 16-17-19-18-11-10-4
6.31456 0 1 1 12 17 360 1 3160,5503,5990 0 2 12-14-17
6.34196 0 1 1 10 3 360 1 2290,3473,7743 0 3 10-9-7-3
6.37249 0 1 1 4 14 360 1 4559,5269,6647 0 6 4-10-11-18-19-17-14
6.4012 0 1 1 14 8 360 1 1672,3086,7139 0 1 14-8
6.40636 0 1 1 16 5 360 1 2245,4084,5342 0 7 16-17-14-8-7-3-4-5
6.44547 0 1 1 6 11 360 1 355,1990,8167 1 3 6-4-10-11
6.45424 0 1 2 5 8 48 10 1005,3498 1005 4 5-4-3-7-8
6.47143 0 1 1 19 10 360 1 685,854,6291 2 3 19-18-11-10
6.5043 0 1 2 2 11 66 10 1208,2537 1208 3 2-7-8-11
6.57925 0 1 1 5 4 360 1 1498,2523,5997 0 1 5-4
6.58191 0 1 1 15 6 360 1 3082,3626,4744 0 6 15-12-14-8-7-3-6
6.58765 0 1 1 18 6 360 1 2074,6134,6194 0 4 18-11-10-4-6
6.58974 0 1 1 12 7 360 1 346,2955,7943 1 3 12-14-8-7
6.59385 0 1 2 17 2 90 10 4113,8456 4113 4 17-14-8-7-2
6.59874 0 1 1 15 6 360 1 1324,1451,2974 2 6 15-12-14-8-7-3-6
6.60536 0 1 1 10 5 360 1 340,5519,6876 0 2 10-4-5
6.60954 0 1 1 8 1 360 1 1172,4741,7681 1 5 8-11-10-9-7-1
6.62439 0 1 1 10 12 360 1 2222,6615,8147 1 4 10-11-8-14-12
6.63295 0 1 1 13 17 360 1 1551,1601,7362 0 3 13-15-16-17
6.6506 0 1 1 7 19 360 1 184,3482,8175 0 4 7-8-11-18-19
6.65078 0 1 2 11 17 18 10 4411,8112 4411 3 11-18-19-17
6.67117 0 1 2 8 2 114 10 1464,5182 1704 2 8-7-2
6.67799 0 1 1 17 16 360 1 216,1396,5045 0 1 17-16
6.70096 0 1 1 14 10 360 1 5469,5924,8062 0 5 14-17-19-18-11-10
6.70607 0 1 2 5 1 72 10 1709,5129 1709 3 5-4-3-1
6.71241 0 1 2 2 18 12 10 3192,7668 3192 4 2-4-10-11-18
6.71758 0 1 1 14 11 360 1 6367,6633,7221 0 2 14-8-11
6.73443 0 1 1 3 6 360 1 1568,4466,6002 0 1 3-6
6.73644 0 1 1 10 16 360 1 865,6503,8090 1 5 10-11-18-19-17-16
6.7444 0 1 1 14 17 360 1 195,6690,7119 0 1 14-17
6.75441 0 1 1 15 19 360 1 611,6406,7503 0 3 15-16-17-19
6.7637 0 1 2 4 8 18 10 8145,8307 8145 3 4-10-11-8
6.77916 0 1 1 16 14 360 1 3491,7569,7712 0 2 16-17-14
6.78157 0 1 1 8 5 360 1 3159,3419,5418 0 4 8-11-10-4-5
6.78919 0 1 1 15 2 360 1 72,3295,4919 0 5 15-12-14-8-7-2
6.82012 0 1 2 3 4 84 10 140,1197 140 1 3-4
6.82378 0 1 1 2 5 360 1 303,5969,7902 0 4 2-7-3-4-5
6.84494 0 1 1 2 8 360 1 963,5825,7011 1 2 2-7-8
6.8721 0 1 2 5 9 90 10 2089,6189 2089 3 5-4-10-9
6.89628 0 1 1 17 9 360 1 774,3369,8018 1 5 17-19-18-11-10-9
6.90271 0 1 1 14 16 360 1 5260,6890,7677 0 2 14-17-16
6.90853 0 1 2 5 3 84 10 140,148 140 2 5-4-3
6.91698 0 1 2 15 14 276 10 891,8078 891 2 15-12-14
6.92864 0 1 2 11 13 18 10 2567,3707 2567 4 11-8-14-12-13
6.94829 0 1 2 12 5 216 10 60,4654 773 6 12-14-8-11-10-4-5
7.00831 0 1 2 17 3 12 10 3834,7694 3834 5 17-14-8-7-1-3
7.01722 0 1 1 6 17 360 1 2400,6216,7301 0 5 6-3-7-8-14-17
7.01807 0 1 1 9 13 360 1 364,5049,5999 1 8 9-10-11-18-19-17-16-15-13
7.02443 0 1 2 11 6 12 10 7666,8382 7666 3 11-10-4-6
7.02559 0 1 2 13 9 96 10 5491,7319 5491 5 13-12-14-8-7-9
7.03376 0 1 1 11 8 360 1 2329,4842,5519 0 1 11-8
7.03729 0 1 2 2 8 126 10 2919,5975 2963 2 2-7-8
7.06835 0 1 2 2 8 96 10 2636,8504 2636 4 2-4-10-11-8
7.07417 0 1 1 19 15 360 1 421,4358,6548 0 3 19-17-16-15
7.08995 0 1 1 5 7 360 1 2412,6601,8120 0 3 5-4-3-7
7.10023 0 1 1 4 12 360 1 690,2754,8049 2 5 4-10-11-8-14-12
7.1113 0 1 1 12 6 360 1 1775,5185,6218 0 6 12-14-8-11-10-4-6
7.11512 0 1 1 8 7 360 1 718,6101,7650 1 1 8-7
7.13062 0 1 2 17 14 24 10 107,5569 107 1 17-14
7.19176 0 1 1 12 19 360 1 936,2318,7322 0 4 12-15-16-17-19
7.20251 0 1 1 2 1 360 1 1687,4062,4696 0 1 2-1
7.20934 0 1 1 7 4 360 1 3305,5336,5484 0 2 7-3-4
7.28025 0 1 1 17 2 360 1 1409,4966,5087 1 4 17-14-8-7-2
7.29755 0 1 1 6 19 360 1 4138,4739,5447 0 5 6-4-10-11-18-19
7.31945 0 1 2 10 17 12 10 4262,6686 4262 4 10-11-18-19-17
7.33007 0 1 1 14 10 360 1 501,882,6923 2 5 14-17-19-18-11-10
7.33706 0 1 1 14 11 360 1 909,1111,3445 0 4 14-17-19-18-11
7.37416 0 1 1 17 5 360 1 2345,7721,8009 1 6 17-19-18-11-10-4-5
7.37451 0 1 1 6 16 360 1 862,3816,7658 1 7 6-4-10-11-18-19-17-16
7.37861 0 1 1 4 17 360 1 785,4052,7264 1 5 4-10-11-18-19-17
7.37884 0 1 1 1 4 360 1 2676,3291,7035 0 2 1-3-4
7.39051 0 1 1 15 8 360 1 481,1177,6792 0 6 15-16-17-19-18-11-8
7.40535 0 1 1 6 18 360 1 1724,3289,5980 0 10 6-3-7-9-10-11-8-14-17-19-18
7.40814 0 1 1 19 13 360 1 5459,7431,8253 0 4 19-17-16-15-13
7.41654 0 1 1 13 8 360 1 701,2784,6965 1 7 13-15-16-17-19-18-11-8
7.42434 0 1 1 14 10 360 1 1614,4378,6959 1 3 14-8-11-10
7.42701 0 1 1 8 16 360 1 159,1655,1721 0 3 8-14-17-16
7.4344 0 1 1 8 6 360 1 3575,4398,5017 0 4 8-11-10-4-6
7.44291 0 1 1 17 1 360 1 3487,3844,3989 0 6 17-19-18-11-8-7-1
7.45077 0 1 1 13 1 360 1 2471,5831,8154 1 5 13-12-14-8-7-1
7.47098 0 1 1 1 3 360 1 182,2048,7952 0 1 1-3
7.47794 0 0 1 12 2 360 1 288,1681,2896 -1 -1 
7.48324 0 1 1 17 18 360 1 2098,2623,6852 0 2 17-19-18
7.50223 0 1 2 5 7 78 10 1070,5900 1070 3 5-4-3-7
7.58082 0 1 1 14 11 360 1 2809,6755,7577 0 4 14-17-19-18-11
7.58964 0 1 1 18 16 360 1 6848,6888,7200 0 3 18-19-17-16
7.62165 0 1 2 10 7 96 10 3252,8038 3252 2 10-9-7
7.63538 0 1 2 9 15 114 10 5641,5749 5641 6 9-10-11-8-14-12-15
7.66212 0 1 1 9 18 360 1 5645,5882,6710 0 3 9-10-11-18
7.66571 0 1 1 14 19 360 1 1130,3923,7469 0 5 14-12-15-16-17-19
7.6685 0 1 2 1 5 12 10 7254,7401 7254 3 1-3-4-5
7.67548 0 1 1 15 2 360 1 1475,4179,5411 1 8 15-16-17-19-18-11-10-4-2
7.68361 0 1 2 6 12 24 10 3199,3780 3199 8 6-4-10-11-18-19-17-14-12
7.69126 0 1 1 14 10 360 1 1549,4456,6209 1 3 14-8-11-10
7.69625 0 1 1 5 10 360 1 1297,3912,6117 0 5 5-4-3-7-9-10
7.72483 0 1 2 15 9 318 10 5371,5453 5409 8 15-12-14-17-19-18-11-10-9
7.7262 0 1 1 12 16 360 1 909,5069,5622 0 2 12-15-16
7.73906 0 1 1 10 7 360 1 2848,4958,8057 0 2 10-9-7
7.74334 0 1 1 3 8 360 1 740,7990,8259 1 2 3-7-8
7.74493 0 1 1 19 13 360 1 1145,2639,4580 1 4 19-17-16-15-13
7.75195 0 1 1 6 17 360 1 2470,4977,7078 1 5 6-3-7-8-14-17
7.78437 0 1 1 3 10 360 1 3351,3763,5885 0 2 3-4-10
7.79509 0 1 1 2 6 360 1 1965,3021,3499 0 2 2-4-6
7.79561 0 1 2 6 18 300 10 3931,5899 3931 4 6-4-10-11-18
7.80311 0 1 1 16 18 360 1 4281,6984,7308 0 3 16-17-19-18
7.8214 0 1 1 6 19 360 1 1445,2512,7192 2 5 6-4-10-11-18-19
7.8476 0 1 2 14 16 12 10 2286,2974 2286 2 14-17-16
7.87244 0 1 1 4 17 360 1 1679,3776,5920 1 5 4-10-11-18-19-17
7.87277 0 1 1 6 1 360 1 3761,4873,6440 0 2 6-3-1
7.8857 0 1 2 19 15 12 10 2429,5788 2429 3 19-17-16-15
7.89712 0 1 2 17 7 66 10 4128,6614 4128 6 17-19-18-11-10-9-7
7.90747 0 1 2 3 10 162 10 34,434 34 3 3-7-9-10
7.91133 0 1 2 12 1 54 10 8279,8482 8279 4 12-14-8-7-1
7.92184 0 1 2 14 6 138 10 3436,7913 3436 4 14-8-7-3-6
7.92554 0 1 1 5 2 360 1 1514,5015,7497 0 2 5-4-2
7.93504 0 1 1 3 10 360 1 4056,5558,7489 0 2 3-4-10
7.94872 0 1 1 4 16 360 1 484,936,3232 2 6 4-10-11-18-19-17-16
7.95271 0 1 1 9 8 360 1 2046,3939,5075 0 3 9-10-11-8
7.96012 0 1 1 19 2 360 1 389,3001,7242 2 5 19-18-11-8-7-2
7.96571 0 1 1 4 15 360 1 5822,6929,7659 0 6 4-3-7-8-14-12-15
7.96955 0 1 1 14 5 360 1 2684,3846,7021 1 7 14-17-19-18-11-10-4-5
7.97405 0 1 1 8 10 360 1 1214,2843,3004 0 3 8-7-9-10
7.97786 0 1 1 1 5 360 1 422,737,990 0 3 1-3-4-5
8.04219 0 1 2 4 13 360 10 5792,7340 5792 6 4-3-7-8-14-12-13
8.0798 0 1 2 8 9 174 10 1353,7577 1818 2 8-7-9
8.1072 0 1 2 1 12 114 10 5040,8449 5040 4 1-7-8-14-12
8.11853 0 1 1 12 7 360 1 545,3486,8140 1 7 12-14-17-19-18-11-8-7
8.12011 0 1 2 12 13 24 10 1254,3367 1254 1 12-13
8.14182 0 1 1 11 14 360 1 6500,6602,6966 0 2 11-8-14
8.21185 0 1 1 14 8 360 1 1252,2360,3875 2 5 14-17-19-18-11-8
8.24982 0 1 1 12 14 360 1 1679,1706,7713 0 1 12-14
8.25892 0 1 1 11 13 360 1 3910,4375,5037 0 6 11-18-19-17-16-15-13
8.26436 0 1 2 6 2 12 10 480,7521 480 2 6-4-2
8.28032 0 1 1 19 12 360 1 2625,4655,8015 0 3 19-17-14-12
8.33641 0 0 1 1 15 360 1 378,2638,5414 -1 -1 
8.36322 0 1 2 5 13 12 10 5141,8549 5141 7 5-4-10-11-8-14-12-13
8.37319 0 1 1 8 14 360 1 6019,7534,7568 0 1 8-14
8.39772 0 1 1 2 13 360 1 762,5018,6945 1 9 2-7-8-11-18-19-17-16-15-13
8.39815 0 1 1 6 13 360 1 493,3635,3906 1 9 6-4-10-11-18-19-17-16-15-13
8.40787 0 1 2 19 17 30 10 957,5422 957 1 19-17
8.42195 0 1 2 17 15 48 10 2831,4340 2831 2 17-16-15
8.43275 0 1 2 8 11 198 10 4382,7003 4382 1 8-11
8.45948 0 1 1 12 7 360 1 3010,7409,8241 1 3 12-14-8-7
8.48947 0 1 2 10 6 18 10 6516,8304 6516 2 10-4-6
8.49943 0 1 2 1 2 108 10 6022,7279 6022 1 1-2
8.54516 0 1 1 12 4 360 1 177,2191,2678 0 6 12-14-8-7-9-10-4
8.56058 0 1 1 16 13 360 1 1726,3992,7730 0 2 16-15-13
8.60616 0 1 1 19 18 360 1 3961,7067,7998 0 1 19-18
8.6123 0 1 1 4 9 360 1 2533,5187,6916 0 3 4-3-7-9
8.6139 0 1 2 8 4 96 10 816,5636 816 3 8-11-10-4
8.64152 0 1 1 19 17 360 1 2101,5438,6827 0 1 19-17
8.66229 0 1 1 10 19 360 1 3192,4209,6251 0 6 10-9-7-8-14-17-19
8.68599 0 1 2 13 10 144 10 1102,7488 1694 7 13-15-16-17-19-18-11-10
8.68617 0 1 2 7 9 144 10 1948,5019 1948 1 7-9
8.70546 0 1 1 15 8 360 1 83,2016,3358 0 6 15-16-17-19-18-11-8
8.75085 0 1 1 3 6 360 1 714,1760,8270 0 1 3-6
8.76611 0 1 1 2 7 360 1 4615,5272,7998 0 1 2-7
8.8122 0 1 1 16 14 360 1 2936,3524,5048 0 2 16-17-14
8.81326 0 1 1 18 15 360 1 4097,6874,7333 0 4 18-19-17-16-15
8.8177 0 1 2 1 17 72 10 6398,8541 6398 4 1-7-8-14-17
8.84921 0 1 1 10 18 360 1 17,7111,7503 0 2 10-11-18
8.85162 0 1 2 10 15 192 10 4642,4894 4818 6 10-11-18-19-17-16-15
8.91053 0 1 2 13 18 42 10 4220,7935 4220 5 13-15-16-17-19-18
8.95496 0 1 2 14 19 90 10 6094,6569 6094 2 14-17-19
8.99119 0 1 1 8 17 360 1 1047,1734,3270 1 2 8-14-17
8.99436 0 1 1 2 1 360 1 487,3914,4019 0 1 2-1
8.99957 0 1 2 18 11 312 10 1188,6519 1188 1 18-11
9.01778 0 1 1 17 19 360 1 441,990,6994 0 1 17-19
9.01982 0 1 2 2 18 138 10 188,2370 188 4 2-4-10-11-18
9.08955 0 1 2 6 2 48 10 609,4387 609 2 6-4-2
9.10654 0 1 1 12 3 360 1 322,1527,8156 2 4 12-14-8-7-3
9.14366 0 1 1 5 12 360 1 4302,4395,5295 0 6 5-4-10-11-8-14-12
9.14594 0 1 2 17 2 18 10 2590,6164 2590 4 17-14-8-7-2
9.14769 0 1 2 18 1 24 10 231,7541 231 4 18-11-8-7-1
9.15363 0 1 1 5 7 360 1 3337,6730,7333 0 3 5-4-3-7
9.18019 0 1 1 5 1 360 1 1892,4622,5306 0 3 5-4-3-1
9.2231 0 1 2 3 12 84 10 3194,6695 3223 8 3-4-10-11-18-19-17-14-12
9.22759 0 1 1 3 10 360 1 3395,5948,6165 0 2 3-4-10
9.23309 0 1 1 19 7 360 1 4961,7102,7543 1 4 19-18-11-8-7
9.23659 0 1 1 2 13 360 1 1836,4858,6115 2 5 2-7-8-14-12-13
9.24066 0 1 2 6 2 36 10 5727,6084 5727 2 6-4-2
9.24238 0 1 1 10 11 360 1 1273,2001,6758 1 4 10-9-7-8-11
9.25351 0 1 1 14 18 360 1 3504,3823,6065 0 3 14-17-19-18
9.25736 0 0 1 11 3 360 1 588,793,1992 -1 -1 
9.28094 0 1 1 16 18 360 1 2186,4150,7333 0 3 16-17-19-18
9.28156 0 1 2 9 14 12 10 881,8424 953 3 9-7-8-14
9.31444 0 1 1 17 16 360 1 1698,2570,6660 0 4 17-14-12-15-16
9.32123 0 1 1 3 11 360 1 2381,4983,5977 1 3 3-7-8-11
9.32384 0 1 1 7 14 360 1 305,5381,5668 2 7 7-9-10-11-18-19-17-14
9.33692 0 1 1 11 1 360 1 1918,1938,7969 2 3 11-8-7-1
9.35106 0 1 1 7 16 360 1 243,720,6744 2 4 7-8-14-17-16
9.35649 0 1 1 4 2 360 1 522,2107,3520 0 3 4-3-7-2
9.37324 0 1 1 4 18 360 1 1762,4398,6385 1 3 4-10-11-18
9.38282 0 1 1 11 8 360 1 1951,6638,6836 0 1 11-8
9.40841 0 1 1 13 15 360 1 1301,5368,6024 0 1 13-15
9.44021 0 1 2 14 8 126 10 5611,7807 5611 1 14-8
9.47293 0 1 1 18 2 360 1 230,469,4003 2 4 18-11-10-4-2
9.49933 0 1 2 10 1 210 10 4303,8066 4303 3 10-4-3-1
9.50559 0 1 2 18 5 12 10 321,3132 323 6 18-11-8-7-3-4-5
9.53697 0 1 1 12 15 360 1 1669,4247,6986 0 1 12-15
9.55277 0 1 1 18 8 360 1 5832,6512,7115 0 7 18-19-17-16-15-12-14-8
9.56982 0 1 1 10 15 360 1 3586,4760,4932 0 6 10-11-18-19-17-16-15
9.57023 0 1 1 11 3 360 1 2895,5819,8201 1 3 11-10-4-3
9.58888 0 1 1 19 2 360 1 1295,2638,4454 2 5 19-17-14-8-7-2
9.60016 0 1 2 2 19 174 10 4872,6599 5153 5 2-4-10-11-18-19
9.60725 0 1 1 9 10 360 1 689,2232,5363 0 1 9-10
9.6154 0 1 1 17 18 360 1 1082,2074,4510 1 2 17-19-18
9.62513 0 1 2 19 15 126 10 2833,7155 2833 3 19-17-16-15
9.63786 0 1 2 10 3 222 10 2165,4887 2165 2 10-4-3
9.64611 0 1 1 1 7 360 1 1785,4938,7165 0 1 1-7
9.64893 0 1 1 3 17 360 1 233,3280,6695 1 6 3-4-10-11-18-19-17
9.66784 0 1 2 16 6 18 10 1682,2852 1759 7 16-17-19-18-11-10-4-6
9.6707 0 1 1 2 4 360 1 611,1849,4658 0 1 2-4
9.67721 0 0 1 19 3 360 1 632,1229,1255 -1 -1 
9.7025 0 1 1 5 16 360 1 498,3030,6073 2 7 5-4-10-11-18-19-17-16
9.73236 0 1 1 2 12 360 1 1043,4368,4616 1 4 2-7-8-14-12
9.74749 0 1 1 17 3 360 1 2435,7963,8204 1 4 17-14-8-7-3
9.75 0 1 1 2 17 360 1 388,2686,6709 2 4 2-7-8-14-17
9.7554 0 1 2 9 7 108 10 1444,7022 1482 1 9-7
9.75909 0 1 2 13 10 30 10 1990,7803 1990 7 13-15-16-17-19-18-11-10
9.76904 0 1 2 19 15 312 10 4212,7787 4262 3 19-17-16-15
9.76944 0 1 2 18 14 156 10 1186,5421 1529 3 18-19-17-14
9.7772 0 1 1 7 4 360 1 1909,2748,7288 0 2 7-2-4
9.78439 0 1 1 11 6 360 1 1468,1485,5567 2 3 11-10-4-6
9.78519 0 1 1 16 17 360 1 17,997,3886 0 1 16-17
9.78803 0 1 2 3 13 240 10 947,8201 2084 10 3-7-9-10-11-18-19-17-16-15-13
9.79644 0 1 1 14 1 360 1 4410,5679,7329 0 3 14-8-7-1
9.8049 0 1 1 12 17 360 1 891,4971,5021 0 3 12-15-16-17
9.83265 0 1 1 9 3 360 1 5156,5734,5781 1 2 9-7-3
9.8358 0 1 1 11 2 360 1 42,2745,6153 0 3 11-8-7-2
9.86168 0 1 2 14 3 18 10 1684,8532 1777 5 14-8-11-10-4-3
9.8662 0 1 1 19 12 360 1 7135,8095,8271 0 3 19-17-14-12
9.87124 0 1 2 17 6 132 10 2439,6437 2439 5 17-14-8-7-3-6
9.87906 0 1 1 18 13 360 1 2100,6470,6687 0 5 18-19-17-14-12-13
9.89145 0 1 1 18 12 360 1 800,1399,3050 2 4 18-19-17-14-12
9.89261 0 0 1 14 10 360 1 2766,3596,4155 -1 -1 
9.90344 0 1 1 5 14 360 1 80,3345,4632 0 7 5-4-10-11-18-19-17-14
9.95012 0 1 1 14 5 360 1 5228,7557,7728 1 5 14-8-11-10-4-5
9.95021 0 1 1 18 5 360 1 781,1648,4410 2 6 18-11-8-7-3-4-5
9.98394 0 1 1 15 12 360 1 2699,5216,6068 0 1 15-12
9.98536 0 1 1 12 16 360 1 532,4690,5890 0 2 12-15-16
9.99892 0 1 1 8 18 360 1 1227,1983,6294 1 4 8-14-17-19-18
10.003 1 1 2 10 6 288 10 1016,4830 1015 5 10-9-7-2-4-6
10.0231 1 1 1 2 9 360 1 1431,4910,5354 1 2 2-7-9
10.0289 1 1 1 17 5 360 1 2935,6420,7169 1 6 17-19-18-11-10-4-5
10.034 1 1 1 11 15 360 1 466,1895,7610 2 4 11-8-14-12-15
10.0345 1 1 2 11 17 294 10 1955,7593 2728 3 11-18-19-17
10.0371 1 1 1 19 15 360 1 2557,7156,7898 1 3 19-17-16-15
10.0523 1 1 1 12 2 360 1 584,2048,5628 2 10 12-13-15-16-17-19-18-11-10-4-2
10.08 1 0 2 5 16 342 10 4755,5394 -1 -1 
10.1361 1 1 1 8 16 360 1 2748,6102,8126 1 4 8-14-12-15-16
10.1368 1 1 2 1 7 120 10 1458,4425 1457 1 1-7
10.1377 1 1 1 17 11 360 1 1791,3755,5882 2 3 17-19-18-11
10.1866 1 1 1 17 4 360 1 1173,1685,3372 2 5 17-19-18-11-10-4
10.2036 1 1 1 7 5 360 1 3907,6008,6849 0 3 7-3-4-5
10.2074 1 1 2 17 4 90 10 7977,8381 7976 5 17-19-18-11-10-4
10.2299 1 0 1 6 11 360 1 764,1778,2988 -1 -1 
10.2475 1 1 1 9 19 360 1 209,1084,7741 2 4 9-10-11-18-19
10.2878 1 1 1 10 16 360 1 633,1757,7792 2 5 10-11-18-19-17-16
10.3004 1 1 1 15 5 360 1 167,2974,3869 0 11 15-16-17-19-18-11-8-7-1-3-4-5
10.3128 1 1 2 4 12 48 10 1971,4065 2019 7 4-10-11-18-19-17-14-12
10.3356 1 1 1 4 10 360 1 1284,1346,2876 2 4 4-3-7-9-10
10.3419 1 1 2 2 13 210 10 1684,7914 3333 5 2-7-8-14-12-13
10.3523 1 1 1 7 2 360 1 2485,4711,7304 0 1 7-2
10.3612 1 1 1 11 6 360 1 436,6852,7414 1 3 11-10-4-6
10.4129 1 1 1 5 15 360 1 577,653,4439 2 10 5-4-3-7-8-11-18-19-17-16-15
10.4365 1 1 2 4 18 36 10 93,2791 92 3 4-10-11-18
10.4634 1 1 2 16 18 84 10 4729,5649 4728 3 16-17-19-18
10.485 1 1 2 5 1 12 10 513,2972 512 3 5-4-3-1
10.4921 1 1 1 15 14 360 1 1143,7329,7430 0 2 15-12-14
10.5046 1 1 2 19 17 42 10 7889,8035 7888 1 19-17
10.5091 1 1 2 3 8 36 10 276,2948 334 2 3-7-8
10.5102 1 1 1 5 9 360 1 423,1685,7873 2 3 5-4-10-9
10.5185 1 0 1 2 19 360 1 2326,2528,2967 -1 -1 
10.5526 1 1 1 15 19 360 1 1790,3184,6274 0 3 15-16-17-19
10.5746 1 1 1 18 19 360 1 525,1255,5139 0 1 18-19
10.5914 1 1 1 9 14 360 1 5052,7404,7667 0 7 9-7-8-11-18-19-17-14
10.6064 1 1 1 11 12 360 1 3244,3818,5487 2 7 11-18-19-17-16-15-13-12
10.6311 1 1 1 18 5 360 1 2686,6056,8226 1 4 18-11-10-4-5
10.648 1 1 1 3 7 360 1 1309,1578,3025 0 1 3-7
10.6548 1 1 1 9 13 360 1 323,3737,8058 2 5 9-7-8-14-12-13
10.6554 1 1 1 7 17 360 1 1327,2611,4256 2 3 7-8-14-17
10.6735 1 1 1 6 13 360 1 5903,5970,7575 0 7 6-4-10-11-8-14-12-13
10.6778 1 1 1 16 17 360 1 2760,7428,7489 1 1 16-17
10.6825 1 0 1 9 8 360 1 1781,2344,4599 -1 -1 
10.7259 1 0 1 2 16 360 1 921,1249,2860 -1 -1 
10.7274 1 1 1 11 16 360 1 3307,5905,7350 1 4 11-18-19-17-16
10.7475 1 1 1 7 15 360 1 852,2365,7053 2 7 7-8-11-18-19-17-16-15
10.7596 1 1 1 2 19 360 1 1029,3418,7906 2 5 2-4-10-11-18-19
10.7932 1 1 1 16 2 360 1 1761,4109,7679 2 5 16-17-14-8-7-2
10.7975 1 1 1 13 12 360 1 1415,3729,7032 0 1 13-12
10.8075 1 1 2 7 15 18 10 2356,6554 2355 8 7-9-10-11-18-19-17-16-15
10.8158 1 1 1 2 4 360 1 226,1221,2156 0 3 2-1-3-4
10.8588 1 1 1 12 19 360 1 774,4372,5806 2 4 12-15-16-17-19
10.8612 1 0 1 5 13 360 1 774,3019,3477 -1 -1 
10.9172 1 1 1 2 6 360 1 792,4417,7737 0 2 2-4-6
10.9204 1 1 1 12 7 360 1 37,2677,3608 0 8 12-14-17-19-18-11-10-9-7
10.9317 1 1 1 8 17 360 1 1776,2104,3878 0 2 8-14-17
10.9749 1 1 2 9 4 288 10 1091,3600 2091 3 9-7-2-4
10.9892 1 1 1 19 17 360 1 2508,5016,5880 1 1 19-17
10.9999 1 1 1 15 9 360 1 1544,2778,7857 2 5 15-12-14-8-7-9
11.0209 1 0 2 18 6 282 10 646,1965 -1 -1 
11.0893 1 1 1 14 4 360 1 1516,2948,6578 2 4 14-8-11-10-4
11.092 1 1 1 12 11 360 1 1428,3325,8256 2 3 12-14-8-11
11.1101 1 0 2 3 15 210 10 1460,1658 -1 -1 
11.122 1 1 2 2 19 42 10 725,3922 980 5 2-4-10-11-18-19
11.1408 1 1 1 6 18 360 1 522,4505,6116 2 4 6-4-10-11-18
11.1578 1 1 1 14 9 360 1 5256,5564,6541 1 6 14-17-19-18-11-10-9
11.1872 1 1 1 19 4 360 1 3098,3513,5743 2 4 19-18-11-10-4
11.2373 1 1 1 13 11 360 1 2957,5440,7997 1 6 13-15-16-17-19-18-11
11.2429 1 1 1 11 17 360 1 162,2663,4659 0 3 11-18-19-17
11.2475 1 1 1 15 16 360 1 1797,4741,7493 0 1 15-16
11.2757 1 1 1 16 15 360 1 732,2824,3212 0 1 16-15
11.3095 1 1 1 11 5 360 1 487,6955,7244 1 3 11-10-4-5
11.3201 1 1 1 8 1 360 1 1134,2768,7899 2 2 8-7-1
11.3287 1 1 1 7 13 360 1 1052,4325,7856 2 4 7-8-14-12-13
11.3623 1 1 1 13 16 360 1 124,6768,7034 0 2 13-15-16
11.363 1 1 1 9 11 360 1 1033,1590,7820 2 2 9-10-11
11.3655 1 1 1 17 19 360 1 414,928,5002 2 1 17-19
11.3874 1 1 2 9 18 138 10 3465,6315 3707 3 9-10-11-18
11.4027 1 0 1 7 14 360 1 66,526,2499 -1 -1 
11.4066 1 1 2 11 10 180 10 1323,6257 2091 1 11-10
11.4211 1 1 1 5 2 360 1 3783,6339,7689 0 2 5-4-2
11.4354 1 1 1 1 7 360 1 2063,4342,7228 0 1 1-7
11.4394 1 1 1 2 16 360 1 464,5449,5532 1 7 2-4-10-11-18-19-17-16
11.4501 1 1 1 5 12 360 1 912,5129,7026 1 12 5-4-3-7-8-11-18-19-17-16-15-13-12
11.4512 1 1 1 10 18 360 1 6364,6849,6968 0 2 10-11-18
11.466 1 1 2 4 7 24 10 5325,8434 5324 2 4-3-7
11.4847 1 1 1 5 2 360 1 5241,7241,8234 0 2 5-4-2
11.5011 1 1 2 4 1 42 10 625,6053 624 2 4-3-1
11.511 1 1 1 4 7 360 1 3786,4542,5066 0 2 4-2-7
11.515 1 1 1 11 9 360 1 3030,4449,5458 0 3 11-8-7-9
11.5245 1 1 2 17 11 18 10 1309,2288 1308 3 17-19-18-11
11.5291 1 1 1 10 6 360 1 1085,4258,7712 0 2 10-4-6
11.5476 1 1 2 11 5 78 10 678,5298 677 5 11-8-7-3-4-5
11.5645 1 1 1 6 4 360 1 243,806,3398 0 1 6-4
11.5881 1 1 2 11 7 204 10 6108,6792 6107 2 11-8-7
11.5882 1 1 2 10 14 18 10 2925,7643 2924 3 10-11-8-14
11.6274 1 1 1 17 18 360 1 1009,4711,8080 2 2 17-19-18
11.6318 1 1 1 18 13 360 1 1741,6171,6680 1 5 18-19-17-16-15-13
11.6496 1 1 1 13 12 360 1 4153,4538,5058 0 1 13-12
11.6527 1 1 2 2 3 84 10 515,5401 514 2 2-7-3
11.6579 1 1 2 9 10 12 10 3932,4251 3931 1 9-10
11.6758 1 0 1 8 12 360 1 429,3177,4200 -1 -1 
11.6823 1 1 1 1 11 360 1 209,1375,6920 2 3 1-7-8-11
11.6883 1 0 1 14 1 360 1 300,3395,3712 -1 -1 
11.695 1 1 1 1 18 360 1 5118,5264,7657 0 4 1-7-8-11-18
11.6979 1 1 1 14 9 360 1 362,3993,7429 2 3 14-8-7-9
11.7064 1 1 1 15 10 360 1 2335,2450,7240 2 6 15-16-17-19-18-11-10
11.7482 1 1 2 7 18 30 10 3419,3929 3418 4 7-9-10-11-18
11.7627 1 1 1 11 13 360 1 3329,5481,6383 1 6 11-18-19-17-16-15-13
11.7705 1 1 1 12 14 360 1 3220,4460,7839 0 4 12-15-16-17-14
11.8096 1 1 1 8 18 360 1 450,3182,4081 0 2 8-11-18
11.8111 1 1 2 10 5 126 10 788,6513 787 5 10-9-7-3-4-5
11.8111 1 1 1 1 3 360 1 2655,3232,7713 0 1 1-3
11.8673 1 0 1 2 19 360 1 1550,3484,4476 -1 -1 
11.9225 1 0 1 9 15 360 1 658,3514,3860 -1 -1 
11.929 1 1 1 18 15 360 1 1106,5824,7616 1 4 18-19-17-16-15
11.9464 1 1 1 11 7 360 1 5429,6183,7658 1 2 11-8-7
11.9592 1 1 1 19 5 360 1 4221,4332,6014 0 7 19-18-11-8-7-3-4-5
11.9635 1 1 2 6 7 270 10 501,4374 500 3 6-3-1-7
12.009 1 0 2 7 15 306 10 1645,5733 -1 -1 
12.017 1 1 2 8 18 252 10 4182,5971 4192 2 8-11-18
12.041 1 1 2 15 2 282 10 548,6784 5955 8 15-16-17-19-18-11-10-4-2
12.0562 1 0 1 17 7 360 1 1284,2656,4415 -1 -1 
12.0672 1 0 1 10 18 360 1 871,4407,4903 -1 -1 
12.0809 1 1 1 3 13 360 1 7404,7645,8235 0 5 3-7-8-14-12-13
12.0856 1 1 2 4 8 102 10 2280,3001 2279 3 4-10-11-8
12.0957 1 1 2 11 18 42 10 3281,5663 3306 1 11-18
12.1591 1 0 1 13 2 360 1 484,3411,3982 -1 -1 
12.1925 1 1 1 17 9 360 1 1758,3558,6372 2 4 17-14-8-7-9
12.1965 1 1 1 5 13 360 1 2611,3241,7525 2 7 5-4-10-11-8-14-12-13
12.2213 1 1 2 3 6 18 10 4444,7356 4443 1 3-6
12.2292 1 1 1 13 16 360 1 2983,5244,6581 0 2 13-15-16
12.23 1 1 1 1 7 360 1 4155,4263,5793 0 1 1-7
12.2407 1 1 1 13 6 360 1 1689,2919,7624 2 6 13-12-14-8-7-3-6
12.2686 1 1 1 11 7 360 1 1794,2414,7801 2 2 11-8-7
12.2772 1 1 1 3 18 360 1 840,3454,7308 2 4 3-4-10-11-18
12.2906 1 1 1 4 1 360 1 35,1950,7385 0 2 4-3-1
12.3181 1 1 2 8 3 354 10 5697,6609 5955 4 8-11-10-4-3
12.3271 1 1 2 12 17 36 10 322,5180 321 2 12-14-17
12.3323 1 1 1 14 7 360 1 2057,3512,6724 2 2 14-8-7
12.3367 1 1 1 3 9 360 1 3494,4391,4672 0 3 3-1-7-9
12.3606 1 0 1 8 2 360 1 1515,4720,5493 -1 -1 
12.3621 1 1 1 6 4 360 1 2388,3676,8043 0 1 6-4
12.3752 1 1 1 1 10 360 1 2756,3797,8011 0 3 1-7-9-10
12.3779 1 0 1 15 2 360 1 1251,2925,3519 -1 -1 
12.3832 1 1 2 11 9 156 10 4940,8459 4981 2 11-10-9
12.3903 1 1 1 11 10 360 1 2980,3481,7282 1 5 11-8-7-2-4-10
12.3978 1 1 1 4 7 360 1 3569,6469,7007 0 2 4-2-7
12.4166 1 0 1 8 16 360 1 112,4769,5499 -1 -1 
12.4219 1 0 1 6 13 360 1 220,712,4393 -1 -1 
12.5526 1 1 1 19 15 360 1 2712,3323,7552 1 3 19-17-16-15
12.6255 1 1 1 11 6 360 1 251,2275,5064 2 4 11-8-7-3-6
12.6262 1 1 1 5 1 360 1 46,738,5377 0 3 5-4-3-1
12.6342 1 1 1 3 6 360 1 5785,6100,6144 0 1 3-6
12.6541 1 1 1 7 5 360 1 585,3487,5373 1 3 7-2-4-5
12.6944 1 1 1 19 4 360 1 1796,3505,7363 2 4 19-18-11-10-4
12.7128 1 1 1 4 10 360 1 3011,3539,3967 0 4 4-3-7-9-10
12.7269 1 0 1 18 1 360 1 1103,2621,3111 -1 -1 
12.7679 1 1 1 10 4 360 1 149,3110,7001 0 5 10-9-7-1-3-4
12.7735 1 1 2 16 12 246 10 5404,5493 5403 3 16-15-13-12
12.7908 1 1 1 13 12 360 1 1088,1444,2696 0 1 13-12
12.7933 1 1 1 8 11 360 1 2659,2719,4827 0 1 8-11
12.836 1 1 1 9 15 360 1 5484,7287,7479 1 5 9-7-8-14-12-15
12.8759 1 1 2 4 6 228 10 1410,5187 1409 1 4-6
12.8813 1 1 1 11 10 360 1 263,2248,7401 2 1 11-10
12.8953 1 1 1 13 15 360 1 909,6194,7034 0 1 13-15
12.9579 1 1 1 12 18 360 1 978,6735,7769 1 4 12-14-17-19-18
12.9638 1 0 2 3 16 330 10 5020,5852 -1 -1 
12.9671 1 1 1 11 4 360 1 15,1348,5510 2 2 11-10-4
12.9726 1 1 1 8 9 360 1 5157,6610,6994 1 2 8-7-9
12.9997 1 1 1 7 1 360 1 3866,7364,8236 0 1 7-1
13.0641 1 1 2 12 11 18 10 2691,4000 2690 5 12-14-17-19-18-11
13.0953 1 1 2 2 4 42 10 1547,4265 1546 1 2-4
13.1358 1 0 2 14 3 282 10 2277,2526 -1 -1 
13.1715 1 1 1 5 9 360 1 4868,8161,8263 0 4 5-4-3-7-9
13.1855 1 1 1 18 16 360 1 2051,3362,5244 2 3 18-19-17-16
13.2226 1 1 1 3 14 360 1 2407,3969,6215 2 3 3-7-8-14
13.2287 1 1 2 17 14 18 10 7020,7105 7019 1 17-14
13.2721 1 1 1 10 11 360 1 643,890,7537 2 1 10-11
13.2947 1 1 1 3 1 360 1 357,6552,6726 1 1 3-1
13.3028 1 1 2 10 6 18 10 4529,5912 4528 2 10-4-6
13.316 1 0 1 11 4 360 1 457,2046,4775 -1 -1 
13.3553 1 1 1 19 10 360 1 5951,7130,7744 1 3 19-18-11-10
13.3683 1 1 2 19 16 36 10 476,3721 869 2 19-17-16
13.4183 1 1 1 6 11 360 1 1304,1779,7882 2 3 6-4-10-11
13.4389 1 1 2 11 7 126 10 5626,6099 5726 3 11-10-9-7
13.4468 1 1 2 11 16 48 10 882,2808 881 4 11-18-19-17-16
13.4513 1 1 1 5 6 360 1 921,3047,6990 0 2 5-4-6
13.455 1 1 2 17 7 198 10 5191,7067 5190 5 17-19-18-11-8-7
13.4561 1 1 1 18 17 360 1 3263,4294,5021 2 2 18-19-17
13.4757 1 1 2 1 17 48 10 4022,7001 4021 4 1-7-8-14-17
13.4782 1 1 1 3 11 360 1 2292,3351,5110 1 3 3-7-8-11
13.4797 1 1 2 19 15 258 10 910,6240 958 3 19-17-16-15
13.4856 1 0 1 17 2 360 1 1366,1770,4124 -1 -1 
13.5008 1 1 2 7 16 12 10 2591,6199 2590 4 7-8-14-17-16
13.5114 1 1 1 4 7 360 1 1214,2989,3487 0 2 4-3-7
13.5127 1 1 2 11 17 54 10 1782,1911 1836 3 11-18-19-17
13.5302 1 1 1 9 3 360 1 1467,2026,3773 1 4 9-10-4-6-3
13.5387 1 1 1 10 11 360 1 495,1950,4103 1 5 10-4-2-7-8-11
13.5482 1 1 1 2 8 360 1 717,5072,7063 2 2 2-7-8
13.5497 1 1 2 1 11 12 10 2488,7691 2487 4 1-7-9-10-11
13.5618 1 1 2 12 5 204 10 1614,4588 3845 6 12-14-8-11-10-4-5
13.5693 1 0 1 7 12 360 1 3064,5404,5710 -1 -1 
13.5916 1 1 2 15 19 78 10 6948,7089 6947 3 15-16-17-19
13.6588 1 1 2 10 8 42 10 4210,6208 4209 2 10-11-8
13.6735 1 1 2 6 10 30 10 5555,8111 5554 2 6-4-10
13.709 1 1 2 7 13 132 10 3130,5598 3617 4 7-8-14-12-13
13.7207 1 1 2 5 6 174 10 2847,3014 2846 2 5-4-6
13.7397 1 1 1 3 11 360 1 3722,3916,5824 0 4 3-1-7-8-11
13.743 1 1 1 12 1 360 1 4108,4647,7903 2 4 12-14-8-7-1
13.7583 1 1 1 13 17 360 1 1472,6338,7880 0 3 13-12-14-17
13.7588 1 1 1 19 5 360 1 1782,4975,6034 2 7 19-18-11-8-7-2-4-5
13.7641 1 1 1 12 16 360 1 4934,6821,7958 0 2 12-15-16
13.7722 1 1 1 7 13 360 1 2074,2643,6259 2 4 7-8-14-12-13
13.8039 1 1 1 18 15 360 1 424,1318,6686 2 4 18-19-17-16-15
13.8106 1 1 1 8 7 360 1 136,1815,6298 2 1 8-7
13.8144 1 1 1 12 6 360 1 223,3967,7931 2 5 12-14-8-7-3-6
13.8146 1 1 1 17 19 360 1 1042,5090,5990 1 1 17-19
13.82 1 1 2 8 14 66 10 6144,6940 6151 1 8-14
13.8219 1 1 1 12 9 360 1 2048,5654,7580 2 4 12-14-8-7-9
13.8483 1 0 1 16 6 360 1 1252,4315,4706 -1 -1 
13.8656 1 0 1 19 2 360 1 515,3136,5618 -1 -1 
13.8676 1 1 1 17 19 360 1 2911,5076,7883 2 1 17-19
13.8796 1 1 1 13 18 360 1 485,3345,7133 2 5 13-15-16-17-19-18
13.8835 1 1 2 5 3 114 10 884,6696 1130 2 5-4-3
13.9108 1 0 1 12 10 360 1 2371,4026,5716 -1 -1 
13.9544 1 1 2 7 16 36 10 4881,8581 4887 4 7-8-14-17-16
13.973 1 1 2 17 1 150 10 4871,6758 5955 4 17-14-8-7-1
14.0048 1 1 2 11 3 78 10 1659,3493 1837 3 11-10-4-3
14.0326 1 1 1 6 18 360 1 4633,4791,6347 2 4 6-4-10-11-18
14.0388 1 1 2 10 16 162 10 189,5662 3010 5 10-11-18-19-17-16
14.0788 1 1 1 14 6 360 1 1190,4291,7821 2 4 14-8-7-3-6
14.0848 1 1 2 11 8 102 10 201,8029 334 1 11-8
14.1153 1 1 1 13 14 360 1 6337,8006,8167 0 2 13-12-14
14.1303 1 1 1 12 13 360 1 1064,2067,5330 0 1 12-13
14.1316 1 1 1 14 11 360 1 3996,6144,6694 2 2 14-8-11
14.141 1 0 1 9 14 360 1 5105,5811,5851 -1 -1 
14.1791 1 0 1 3 18 360 1 2933,4183,4420 -1 -1 
14.222 1 0 1 12 7 360 1 1631,2476,4356 -1 -1 
14.2317 1 1 1 18 8 360 1 701,3448,7434 2 2 18-11-8
14.2565 1 1 2 10 18 12 10 2553,3542 2552 2 10-11-18
14.2661 1 1 1 19 4 360 1 1779,2567,6332 2 4 19-18-11-10-4
14.2686 1 0 2 1 11 324 10 3226,4432 -1 -1 
14.2865 1 1 2 1 19 36 10 3285,3977 3363 5 1-7-8-11-18-19
14.4051 1 1 1 5 17 360 1 2299,6592,6603 1 6 5-4-10-11-18-19-17
14.4207 1 1 2 3 2 12 10 1174,3252 1173 2 3-7-2
14.4323 1 1 1 1 11 360 1 4027,4338,7164 2 3 1-7-8-11
14.5304 1 0 1 8 15 360 1 196,3258,5932 -1 -1 
14.5572 1 1 1 15 12 360 1 1951,3066,5799 0 1 15-12
14.5587 1 1 1 3 10 360 1 4181,4693,7038 0 3 3-7-9-10
14.5607 1 1 1 18 16 360 1 3354,3857,7452 2 3 18-19-17-16
14.5874 1 1 1 17 1 360 1 1425,3560,7187 2 6 17-19-18-11-8-7-1
14.6104 1 1 1 10 16 360 1 1000,1450,4234 2 6 10-9-7-8-14-17-16
14.6345 1 1 1 10 2 360 1 7084,7299,7788 0 2 10-4-2
14.6346 1 1 2 1 14 264 10 5774,7194 6237 8 1-7-9-10-11-18-19-17-14
14.6814 1 0 1 17 1 360 1 285,1538,3259 -1 -1 
14.6832 1 1 1 14 1 360 1 135,6967,7573 1 7 14-17-19-18-11-8-7-1
14.6839 1 1 1 19 5 360 1 3817,5219,7280 2 5 19-18-11-10-4-5
14.7007 1 1 1 7 16 360 1 2602,5089,8113 2 4 7-8-14-17-16
14.7033 1 1 2 8 11 12 10 4945,4962 4944 1 8-11
14.7131 1 1 1 18 12 360 1 4047,6246,6920 1 4 18-19-17-14-12
14.7186 1 1 1 8 4 360 1 223,5799,6945 2 3 8-11-10-4
14.7224 1 1 1 10 4 360 1 2579,5247,5708 0 4 10-9-7-3-4
14.7307 1 1 1 18 14 360 1 80,1707,4115 0 3 18-19-17-14
14.7366 1 1 1 15 10 360 1 914,2975,6827 2 5 15-12-14-8-11-10
14.7412 1 0 1 12 6 360 1 2041,2624,2771 -1 -1 
14.7417 1 1 2 1 2 156 10 4167,4335 4166 1 1-2
14.7572 1 1 1 8 10 360 1 810,1610,4416 2 3 8-7-9-10
14.7728 1 1 1 16 17 360 1 3624,4475,6592 0 1 16-17
14.7812 1 0 1 14 2 360 1 1504,1805,2830 -1 -1 
14.7864 1 1 2 9 19 228 10 786,6372 6309 4 9-10-11-18-19
14.7952 1 1 2 9 8 66 10 4610,7554 4669 3 9-10-11-8
14.8169 1 1 1 6 10 360 1 4441,5092,6296 0 2 6-4-10
14.8211 1 1 1 4 3 360 1 1441,1762,6764 0 2 4-6-3
14.8273 1 0 1 7 12 360 1 440,2031,2170 -1 -1 
14.8468 1 1 2 18 11 198 10 989,8220 2090 1 18-11
14.8665 1 1 1 2 17 360 1 799,7240,7646 1 6 2-4-10-11-18-19-17
14.8813 1 0 1 6 19 360 1 354,1042,6013 -1 -1 
14.8905 1 0 1 12 6 360 1 3939,5121,6060 -1 -1 
14.9094 1 1 1 19 15 360 1 2598,6167,6454 2 3 19-17-16-15
14.9123 1 1 1 10 8 360 1 5858,7047,7541 1 2 10-11-8
14.9503 1 0 1 11 19 360 1 954,2366,6058 -1 -1 
14.9598 1 1 1 14 6 360 1 5102,7613,7640 1 4 14-8-7-3-6
14.9836 1 0 1 11 2 360 1 577,4052,5388 -1 -1 
14.9837 1 1 2 18 14 126 10 82,1556 81 3 18-19-17-14
14.9855 1 0 1 11 14 360 1 1877,3116,5404 -1 -1 
15.0042 1 0 2 15 4 150 10 1685,2583 -1 -1 
15.0424 1 1 1 10 8 360 1 2367,7773,8142 1 2 10-11-8
15.052 1 1 1 7 2 360 1 1543,5542,7627 0 2 7-1-2
15.0672 1 1 1 3 8 360 1 2362,6099,7068 2 2 3-7-8
15.0795 1 1 2 6 16 42 10 1601,7335 1622 8 6-4-10-11-8-14-12-15-16
15.1127 1 0 1 9 15 360 1 1984,2593,5628 -1 -1 
15.1369 1 1 2 12 9 12 10 5296,7286 5325 4 12-14-8-7-9
15.1401 1 0 1 18 14 360 1 2352,3557,4678 -1 -1 
15.1445 1 0 1 8 16 360 1 2717,3703,5327 -1 -1 
15.1598 1 1 1 17 14 360 1 4413,4839,6392 0 1 17-14
15.1627 1 1 1 11 7 360 1 150,3921,6252 2 2 11-8-7
15.177 1 1 1 5 6 360 1 1074,1631,5867 1 2 5-4-6
15.2085 1 1 2 16 19 36 10 2491,7104 2490 2 16-17-19
15.2271 1 1 2 14 4 12 10 2949,4900 2979 4 14-8-11-10-4
15.245 1 1 1 2 1 360 1 282,2492,4271 0 1 2-1
15.2607 1 1 2 2 4 96 10 1469,2277 1468 1 2-4
15.2758 1 0 1 12 10 360 1 3464,4088,4775 -1 -1 
15.2795 1 1 1 4 13 360 1 3702,5777,7679 2 6 4-10-11-8-14-12-13
15.2802 1 1 1 10 3 360 1 3432,7152,7833 1 2 10-4-3
15.2986 1 1 2 8 15 162 10 1581,7050 3022 6 8-11-18-19-17-16-15
15.3154 1 1 2 3 12 84 10 2729,8342 2728 4 3-7-8-14-12
15.3718 1 1 2 16 15 12 10 577,2578 576 1 16-15
15.3743 1 1 2 19 15 12 10 3040,7426 3172 3 19-17-16-15
15.3911 1 0 1 16 11 360 1 1727,3984,5247 -1 -1 
15.4062 1 1 2 11 19 48 10 4413,6078 4428 2 11-18-19
15.4065 1 0 1 18 16 360 1 677,961,2862 -1 -1 
15.4213 1 0 1 8 16 360 1 338,4328,5465 -1 -1 
15.4335 1 1 2 15 4 144 10 1816,7004 3658 6 15-12-14-8-11-10-4
15.4505 1 1 2 5 19 30 10 2064,2772 2288 7 5-4-3-7-8-11-18-19
15.4554 1 1 2 6 2 18 10 3001,6023 3000 2 6-4-2
15.4658 1 1 2 1 12 120 10 1545,5013 3899 4 1-7-8-14-12
15.5177 1 0 1 12 6 360 1 1001,3434,3832 -1 -1 
15.533 1 1 2 4 18 54 10 1307,2525 2373 6 4-3-7-9-10-11-18
15.5369 1 1 1 8 1 360 1 2864,7622,8186 1 2 8-7-1
15.5515 1 1 2 5 1 102 10 4016,5282 4015 3 5-4-3-1
15.5718 1 1 1 1 4 360 1 1128,2135,3929 0 2 1-2-4
15.575 1 1 1 9 5 360 1 698,2407,4970 1 4 9-7-3-4-5
15.5798 1 0 1 14 10 360 1 3536,4347,6124 -1 -1 
15.6267 1 0 1 1 8 360 1 2315,4727,4777 -1 -1 
15.644 1 1 1 12 6 360 1 254,1214,6890 2 8 12-14-17-19-18-11-10-4-6
15.673 1 1 1 14 17 360 1 83,1848,8056 0 4 14-12-15-16-17
15.7057 1 1 2 13 4 24 10 1545,4495 1570 6 13-12-14-8-11-10-4
15.7487 1 1 1 3 11 360 1 652,1613,8177 2 3 3-4-10-11
15.7547 1 1 1 6 1 360 1 2011,2114,6802 0 2 6-3-1
15.7792 1 0 1 9 14 360 1 2936,3850,4771 -1 -1 
15.7883 1 1 2 16 12 258 10 1840,5335 2019 2 16-15-12
15.819 1 0 1 14 1 360 1 2933,4643,4666 -1 -1 
15.822 1 0 1 2 19 360 1 1372,1475,2062 -1 -1 
15.8255 1 1 1 19 6 360 1 4797,5164,8232 2 5 19-18-11-10-4-6
15.8263 1 1 1 19 16 360 1 571,7031,7095 1 2 19-17-16
15.874 1 1 1 4 17 360 1 3458,7319,7711 1 5 4-10-11-18-19-17
15.8778 1 1 1 19 15 360 1 1513,3243,7342 1 3 19-17-16-15
15.89 1 0 1 5 15 360 1 150,408,1713 -1 -1 
15.9032 1 1 1 10 16 360 1 3047,5731,7555 2 5 10-11-18-19-17-16
15.9092 1 1 2 2 5 60 10 980,8515 988 4 2-1-3-4-5
15.9239 1 0 1 12 8 360 1 763,1644,4761 -1 -1 
15.9447 1 0 2 12 1 240 10 5307,6289 -1 -1 
15.9845 1 1 1 9 8 360 1 631,5005,6819 2 2 9-7-8
16.0035 1 0 1 10 18 360 1 3342,3785,4770 -1 -1 
