Arrival_rate Cnumber CBP maxlinkU numCall numOfUSST numOfEST USSTblocked ESTblocked FirstUSST secUSST thirdUSST waitEST avgLeUSST avgLeEST simulationTime
0.000277778 10 0 0.811908 13 10 3 0 0 10 0 0 0 2.6 3 36000
0.000277778 100 0 1.81295 116 86 30 0 0 86 0 0 0 2.75581 2.56667 360000
0.000277778 1000 0 1.88948 1019 734 285 0 0 734 0 0 0 3.02452 2.89474 3.6e+06
0.000277778 10000 0 2.71285 10012 7094 2918 0 0 7089 5 0 0.00411241 3.23019 3.2392 3.6e+07
0.000277778 100000 0 2.83174 99623 69726 29897 0 0 69690 33 3 0.0126434 3.23465 3.20005 3.6e+08
0.000555556 10 0 6 13 10 3 0 0 10 0 0 0 2.6 4 18000
0.000555556 100 0 5.31427 123 91 32 0 0 91 0 0 0 3.3956 3.5 180000
0.000555556 1000 0 4.7628 1007 690 317 0 0 689 1 0 0 3.07391 3.11672 1.8e+06
0.000555556 10000 0 5.61714 10000 6940 3060 0 0 6922 16 2 0.0199346 3.22637 3.17941 1.8e+07
0.000555556 100000 0.00141918 5.82106 100541 70463 30078 1 2 70259 183 20 0.03684 3.23603 3.22383 1.8e+08
0.000833333 10 0 0 7 4 3 0 0 4 0 0 0 1.75 1.66667 12000
0.000833333 100 0 3.99901 74 52 22 0 0 52 0 0 0 2.82692 2.90909 120000
0.000833333 1000 0 6.17422 932 659 273 0 0 658 1 0 0 3.16692 3.2381 1.2e+06
0.000833333 10000 0 8.32079 9983 6917 3066 0 0 6894 23 0 0.0303327 3.21613 3.22831 1.2e+07
0.000833333 100000 0 8.49604 99122 69358 29764 0 1 68958 379 21 0.0543628 3.23612 3.20307 1.2e+08
0.00111111 10 0 2.11429 9 9 0 0 0 9 0 0 -nan 3.11111 -nan 9000
0.00111111 100 0 5.08661 98 76 22 0 0 76 0 0 0 3.02632 3.45455 90000
0.00111111 1000 0 8.52206 1013 692 321 0 0 687 5 0 0.152648 3.18353 3.02492 900000
0.00111111 10000 0.014247 10.659 9999 7019 2980 1 1 6968 47 3 0.155086 3.22115 3.16683 9e+06
0.00111111 100000 0.00284856 11.5252 100381 70211 30170 2 4 69561 599 49 0.107472 3.24303 3.22094 9e+07
0.00138889 10 0 0 9 7 2 0 0 7 0 0 0 3.42857 5.5 7200
0.00138889 100 0 9.90902 86 61 25 0 0 61 0 0 0 2.96721 3.16 72000
0.00138889 1000 0 11.4058 962 652 310 0 0 650 2 0 0 3.14571 3.19677 720000
0.00138889 10000 0 14.3318 10232 7161 3071 0 0 7067 89 5 0.108108 3.23558 3.25334 7.2e+06
0.00138889 100000 0.00142243 14.4042 100454 70302 30152 1 4 69236 1002 63 0.186613 3.23455 3.23504 7.2e+07
0.00166667 10 0 0 6 5 1 0 0 5 0 0 0 3.6 1 6000
0.00166667 100 0 11.2026 106 72 34 0 0 72 0 0 0 3.04167 3.02941 60000
0.00166667 1000 0 13.8543 1060 738 322 0 0 736 2 0 0.282609 3.19106 3.18634 600000
0.00166667 10000 0 16.0317 10040 7006 3034 0 1 6890 105 11 0.153643 3.22152 3.1665 6e+06
0.00166667 100000 0.00427679 17.215 100526 70146 30380 3 4 68713 1323 107 0.29869 3.23857 3.22192 6e+07
0.00194444 10 0 0 7 7 0 0 0 7 0 0 -nan 2.14286 -nan 5142.86
0.00194444 100 0 11.9932 96 67 29 0 0 67 0 0 0 2.98507 3.06897 51428.6
0.00194444 1000 0 14.0733 1007 706 301 0 0 702 3 1 0 3.08357 3.27575 514286
0.00194444 10000 0.0141663 18.6932 9973 7059 2914 1 0 6913 136 9 0.190803 3.20941 3.18154 5.14286e+06
0.00194444 100000 0.00574696 20.1821 99762 69602 30160 4 9 67690 1789 119 0.363073 3.24147 3.24298 5.14286e+07
0.00222222 10 0 1.85897 12 10 2 0 0 10 0 0 0 3.6 3 4500
0.00222222 100 0 7.97477 99 71 28 0 0 71 0 0 0 3.39437 3.25 45000
0.00222222 1000 0 16.594 1009 727 282 0 0 726 1 0 0.0460993 3.21733 3.15957 450000
0.00222222 10000 0 21.8061 10028 7041 2987 0 1 6853 181 7 0.57937 3.25849 3.16812 4.5e+06
0.00222222 100000 0.00999129 23.2011 100122 70061 30061 7 12 67648 2215 191 0.586442 3.25766 3.22547 4.5e+07
0.0025 10 0 0 6 5 1 0 0 5 0 0 0 2.4 2 4000
0.0025 100 0 6.35479 98 69 29 0 0 69 0 0 0 2.98551 2.55172 40000
0.0025 1000 0 18.1232 1028 739 289 0 0 731 8 0 0.0449827 3.21922 3.06574 400000
0.0025 10000 0 24.498 10096 7095 3001 0 1 6830 243 22 0.492333 3.26441 3.19 4e+06
0.0025 100000 0.0214136 25.824 100160 70049 30111 15 23 66993 2768 273 0.670433 3.25525 3.23042 4e+07
0.00277778 10 0 0.84507 10 6 4 0 0 6 0 0 0 3 1.5 3600
0.00277778 100 0 7.78702 113 76 37 0 0 76 0 0 0 2.93421 3.13514 36000
0.00277778 1000 0 20.2881 1036 728 308 0 0 721 7 0 0.350649 3.23077 3.16234 360000
0.00277778 10000 0.0142837 27.3157 10091 7001 3090 1 0 6659 305 36 0.506149 3.25329 3.20485 3.6e+06
0.00277778 100000 0.02425 28.4832 100306 70103 30203 17 23 66597 3147 342 0.732936 3.25677 3.2328 3.6e+07
0.00305556 10 0 0 13 7 6 0 0 7 0 0 0 3.57143 3.83333 3272.73
0.00305556 100 0 13.2752 105 78 27 0 0 78 0 0 0 3.46154 3.33333 32727.3
0.00305556 1000 0 22.5628 1006 735 271 0 0 731 4 0 0.0221402 3.22857 3.1845 327273
0.00305556 10000 0 29.5356 9840 6906 2934 0 2 6553 317 36 0.859482 3.27498 3.19168 3.27273e+06
0.00305556 100000 0.0199339 31.4592 100385 70232 30153 14 32 65863 3895 460 0.93971 3.2671 3.23894 3.27273e+07
0.00333333 10 0 0 4 3 1 0 0 3 0 0 0 2.66667 2 3000
0.00333333 100 0 9.61 77 53 24 0 0 53 0 0 0 3.16981 3.45833 30000
0.00333333 1000 0 22.236 960 658 302 0 0 653 5 0 0.0496689 3.22492 3.22517 300000
0.00333333 10000 0.0141044 32.2923 10060 7090 2970 1 0 6684 370 35 1.01886 3.24714 3.23266 3e+06
0.00333333 100000 0.0371912 34.2118 99754 69909 29845 26 32 65025 4355 503 1.1116 3.27287 3.26448 3e+07
0.00361111 10 0 0 13 8 5 0 0 8 0 0 0 2.5 2.8 2769.23
0.00361111 100 0 9.48052 120 87 33 0 0 87 0 0 0 3.14943 3.30303 27692.3
0.00361111 1000 0 26.213 990 705 285 0 0 690 14 1 0.161404 3.28369 3.13684 276923
0.00361111 10000 0.0576784 35.1167 9934 6935 2999 4 4 6472 405 54 1.00534 3.23893 3.22771 2.76923e+06
0.00361111 100000 0.04543 37.2865 100344 70438 29906 32 34 64777 4981 648 1.30785 3.26968 3.24002 2.76923e+07
0.00388889 10 0 0 11 9 2 0 0 9 0 0 0 2.88889 3 2571.43
0.00388889 100 0 9.63801 98 70 28 0 0 70 0 0 0 3.24286 2.92857 25714.3
0.00388889 1000 0 25.2787 1017 734 283 0 0 721 12 1 0.257951 3.19891 3.21908 257143
0.00388889 10000 0.0285429 36.855 9960 7007 2953 2 2 6524 422 59 1.00746 3.27052 3.24703 2.57143e+06
0.00388889 100000 0.0812024 40.0324 100367 70195 30172 57 46 63071 6184 883 1.71228 3.27436 3.26296 2.57143e+07
0.00416667 10 0 0 10 7 3 0 0 7 0 0 0 3.71429 3.66667 2400
0.00416667 100 0 9.44717 97 67 30 0 0 67 0 0 0 3.14925 3.43333 24000
0.00416667 1000 0 31.5042 1000 693 307 0 0 675 18 0 0.664495 3.22655 3.40065 240000
0.00416667 10000 0.0849017 41.5029 10095 7067 3028 6 2 6398 578 85 1.55188 3.27262 3.26438 2.4e+06
0.00416667 100000 0.0941861 42.7241 99544 70074 29470 66 51 62388 6618 1002 1.90662 3.28138 3.26327 2.4e+07
