Arrival_rate maxlinkU numCall numOfUSST numOfEST USSTblocked ESTblocked FirstUSST secUSST thirdUSST waitEST avgLeUSST avgLeEST
0.1 0.00 33541 33221 33405 100147.00 1000000.00 
0.2 0.00 33296 33175 33524 99921.00 500000.00 
0.4 0.01 33267 33411 33006 99440.00 250000.00 
0.8 0.10 33752 33555 33527 99926.00 125000.00 
1.6 0.94 34023 33970 34209 100096.00 62500.00 
3.2 7.00 33060 33094 33012 99716.00 31250.00 
6.4 28.11 26228 26239 26156 99619.00 15625.00 
12.8 57.95 15291 15306 15298 99610.00 7812.50 
25.6 78.53 7823 7823 7823 99960.00 3906.25 
51.2 89.24 3921 3921 3922 99901.00 1953.12 
102.4 94.64 1968 1969 1967 100373.00 976.56 
