Arrival_rate Cnumber CBP maxlinkU numCall numOfUSST numOfEST USSTblocked ESTblocked FirstUSST secUSST thirdUSST waitEST avgLeUSST avgLeEST simulationTime
0.000277778 10000 0.118765 5.93134 9965 5052 4913 6 32 4386 555 105 10.8502 3.21918 3.16595 3.6e+07
0.000555556 10000 0.493974 11.8155 10057 5061 4996 25 50 3861 921 254 20.6082 3.23868 3.13627 1.8e+07
0.000833333 10000 1.02403 17.2534 9972 5078 4894 52 109 3336 1259 431 33.7315 3.22622 3.19603 1.2e+07
0.00111111 10000 2.14651 22.4822 10181 5078 5103 109 227 3040 1353 576 47.6272 3.18676 3.15587 9e+06
0.00138889 10000 2.55909 26.5829 10056 5119 4937 131 308 2964 1351 673 63.2914 3.17442 3.11622 7.2e+06
0.00166667 10000 4.02631 30.1645 9982 5017 4965 202 406 2633 1373 809 82.4071 3.20187 3.14587 6e+06
0.00194444 10000 4.99006 31.9226 10007 5030 4977 251 554 2489 1374 916 95.345 3.19 3.10558 5.14286e+06
0.00222222 10000 6.41335 34.5647 9960 4974 4986 319 689 2271 1428 956 111.198 3.17508 3.09169 4.5e+06
0.0025 10000 7.03528 36.4519 10077 5046 5031 355 712 2262 1401 1028 121.806 3.18973 3.0382 4e+06
0.00277778 10000 8.55475 37.6013 10043 4968 5075 425 821 2113 1419 1011 131.036 3.1488 2.98566 3.6e+06
0.00305556 10000 8.67177 39.7846 10094 5097 4997 442 960 2074 1400 1181 143.693 3.17508 3.04657 3.27273e+06
0.00333333 10000 10.4694 41.6586 9876 4900 4976 513 1083 1909 1334 1144 145.367 3.14862 2.97431 3e+06
0.00361111 10000 11.5829 42.7155 10019 5016 5003 581 1142 1957 1361 1117 156.105 3.15558 2.97151 2.76923e+06
0.00388889 10000 11.931 44.6013 10030 4987 5043 595 1294 1878 1368 1146 161.201 3.14822 2.99093 2.57143e+06
0.00416667 10000 12.0477 45.3954 10047 5030 5017 606 1288 1879 1320 1225 161.9 3.14534 2.97399 2.4e+06
