//number of AS; number of nodes in each AS; 
//1;  1; 
0 0.0555555555555556 0.0555555555555556 0.0555555555555556 0.0555555555555556 0.0555555555555556 0.0555555555555556 0.0555555555555556 0.0555555555555556 0.0555555555555556 0.0555555555555556 0.0555555555555556 0.0555555555555556 0.0555555555555556 0.0555555555555556 0.0555555555555556 0.0555555555555556 0.0555555555555556 0.0555555555555556 
//1;  2; 
0.0555555555555556 0 0.0555555555555556 0.0555555555555556 0.0555555555555556 0.0555555555555556 0.0555555555555556 0.0555555555555556 0.0555555555555556 0.0555555555555556 0.0555555555555556 0.0555555555555556 0.0555555555555556 0.0555555555555556 0.0555555555555556 0.0555555555555556 0.0555555555555556 0.0555555555555556 0.0555555555555556 
//1;  3; 
0.0555555555555556 0.0555555555555556 0 0.0555555555555556 0.0555555555555556 0.0555555555555556 0.0555555555555556 0.0555555555555556 0.0555555555555556 0.0555555555555556 0.0555555555555556 0.0555555555555556 0.0555555555555556 0.0555555555555556 0.0555555555555556 0.0555555555555556 0.0555555555555556 0.0555555555555556 0.0555555555555556 
//1;  4; 
0.0555555555555556 0.0555555555555556 0.0555555555555556 0 0.0555555555555556 0.0555555555555556 0.0555555555555556 0.0555555555555556 0.0555555555555556 0.0555555555555556 0.0555555555555556 0.0555555555555556 0.0555555555555556 0.0555555555555556 0.0555555555555556 0.0555555555555556 0.0555555555555556 0.0555555555555556 0.0555555555555556 
//1;  5; 
0.0555555555555556 0.0555555555555556 0.0555555555555556 0.0555555555555556 0 0.0555555555555556 0.0555555555555556 0.0555555555555556 0.0555555555555556 0.0555555555555556 0.0555555555555556 0.0555555555555556 0.0555555555555556 0.0555555555555556 0.0555555555555556 0.0555555555555556 0.0555555555555556 0.0555555555555556 0.0555555555555556 
//1;  6; 
0.0555555555555556 0.0555555555555556 0.0555555555555556 0.0555555555555556 0.0555555555555556 0 0.0555555555555556 0.0555555555555556 0.0555555555555556 0.0555555555555556 0.0555555555555556 0.0555555555555556 0.0555555555555556 0.0555555555555556 0.0555555555555556 0.0555555555555556 0.0555555555555556 0.0555555555555556 0.0555555555555556 
//1;  7; 
0.0555555555555556 0.0555555555555556 0.0555555555555556 0.0555555555555556 0.0555555555555556 0.0555555555555556 0 0.0555555555555556 0.0555555555555556 0.0555555555555556 0.0555555555555556 0.0555555555555556 0.0555555555555556 0.0555555555555556 0.0555555555555556 0.0555555555555556 0.0555555555555556 0.0555555555555556 0.0555555555555556 
//1;  8; 
0.0555555555555556 0.0555555555555556 0.0555555555555556 0.0555555555555556 0.0555555555555556 0.0555555555555556 0.0555555555555556 0 0.0555555555555556 0.0555555555555556 0.0555555555555556 0.0555555555555556 0.0555555555555556 0.0555555555555556 0.0555555555555556 0.0555555555555556 0.0555555555555556 0.0555555555555556 0.0555555555555556 
//1;  9; 
0.0555555555555556 0.0555555555555556 0.0555555555555556 0.0555555555555556 0.0555555555555556 0.0555555555555556 0.0555555555555556 0.0555555555555556 0 0.0555555555555556 0.0555555555555556 0.0555555555555556 0.0555555555555556 0.0555555555555556 0.0555555555555556 0.0555555555555556 0.0555555555555556 0.0555555555555556 0.0555555555555556 
//1;  10; 
0.0555555555555556 0.0555555555555556 0.0555555555555556 0.0555555555555556 0.0555555555555556 0.0555555555555556 0.0555555555555556 0.0555555555555556 0.0555555555555556 0 0.0555555555555556 0.0555555555555556 0.0555555555555556 0.0555555555555556 0.0555555555555556 0.0555555555555556 0.0555555555555556 0.0555555555555556 0.0555555555555556 
//1;  11; 
0.0555555555555556 0.0555555555555556 0.0555555555555556 0.0555555555555556 0.0555555555555556 0.0555555555555556 0.0555555555555556 0.0555555555555556 0.0555555555555556 0.0555555555555556 0 0.0555555555555556 0.0555555555555556 0.0555555555555556 0.0555555555555556 0.0555555555555556 0.0555555555555556 0.0555555555555556 0.0555555555555556 
//1;  12; 
0.0555555555555556 0.0555555555555556 0.0555555555555556 0.0555555555555556 0.0555555555555556 0.0555555555555556 0.0555555555555556 0.0555555555555556 0.0555555555555556 0.0555555555555556 0.0555555555555556 0 0.0555555555555556 0.0555555555555556 0.0555555555555556 0.0555555555555556 0.0555555555555556 0.0555555555555556 0.0555555555555556 
//1;  13; 
0.0555555555555556 0.0555555555555556 0.0555555555555556 0.0555555555555556 0.0555555555555556 0.0555555555555556 0.0555555555555556 0.0555555555555556 0.0555555555555556 0.0555555555555556 0.0555555555555556 0.0555555555555556 0 0.0555555555555556 0.0555555555555556 0.0555555555555556 0.0555555555555556 0.0555555555555556 0.0555555555555556 
//1;  14; 
0.0555555555555556 0.0555555555555556 0.0555555555555556 0.0555555555555556 0.0555555555555556 0.0555555555555556 0.0555555555555556 0.0555555555555556 0.0555555555555556 0.0555555555555556 0.0555555555555556 0.0555555555555556 0.0555555555555556 0 0.0555555555555556 0.0555555555555556 0.0555555555555556 0.0555555555555556 0.0555555555555556 
//1;  15; 
0.0555555555555556 0.0555555555555556 0.0555555555555556 0.0555555555555556 0.0555555555555556 0.0555555555555556 0.0555555555555556 0.0555555555555556 0.0555555555555556 0.0555555555555556 0.0555555555555556 0.0555555555555556 0.0555555555555556 0.0555555555555556 0 0.0555555555555556 0.0555555555555556 0.0555555555555556 0.0555555555555556 
//1;  16; 
0.0555555555555556 0.0555555555555556 0.0555555555555556 0.0555555555555556 0.0555555555555556 0.0555555555555556 0.0555555555555556 0.0555555555555556 0.0555555555555556 0.0555555555555556 0.0555555555555556 0.0555555555555556 0.0555555555555556 0.0555555555555556 0.0555555555555556 0 0.0555555555555556 0.0555555555555556 0.0555555555555556 
//1;  17; 
0.0555555555555556 0.0555555555555556 0.0555555555555556 0.0555555555555556 0.0555555555555556 0.0555555555555556 0.0555555555555556 0.0555555555555556 0.0555555555555556 0.0555555555555556 0.0555555555555556 0.0555555555555556 0.0555555555555556 0.0555555555555556 0.0555555555555556 0.0555555555555556 0 0.0555555555555556 0.0555555555555556 
//1;  18; 
0.0555555555555556 0.0555555555555556 0.0555555555555556 0.0555555555555556 0.0555555555555556 0.0555555555555556 0.0555555555555556 0.0555555555555556 0.0555555555555556 0.0555555555555556 0.0555555555555556 0.0555555555555556 0.0555555555555556 0.0555555555555556 0.0555555555555556 0.0555555555555556 0.0555555555555556 0 0.0555555555555556 
//1;  19; 
0.0555555555555556 0.0555555555555556 0.0555555555555556 0.0555555555555556 0.0555555555555556 0.0555555555555556 0.0555555555555556 0.0555555555555556 0.0555555555555556 0.0555555555555556 0.0555555555555556 0.0555555555555556 0.0555555555555556 0.0555555555555556 0.0555555555555556 0.0555555555555556 0.0555555555555556 0.0555555555555556 0 
