//number of AS; number of nodes in each AS; 
//1;  1; 
0 0.0769230769230769 0.0769230769230769 0.0769230769230769 0.0769230769230769 0.0769230769230769 0.0769230769230769 0.0769230769230769 0.0769230769230769 0.0769230769230769 0.0769230769230769 0.0769230769230769 0.0769230769230769 0.0769230769230769 
//1;  2; 
0.0769230769230769 0 0.0769230769230769 0.0769230769230769 0.0769230769230769 0.0769230769230769 0.0769230769230769 0.0769230769230769 0.0769230769230769 0.0769230769230769 0.0769230769230769 0.0769230769230769 0.0769230769230769 0.0769230769230769 
//1;  3; 
0.0769230769230769 0.0769230769230769 0 0.0769230769230769 0.0769230769230769 0.0769230769230769 0.0769230769230769 0.0769230769230769 0.0769230769230769 0.0769230769230769 0.0769230769230769 0.0769230769230769 0.0769230769230769 0.0769230769230769 
//1;  4; 
0.0769230769230769 0.0769230769230769 0.0769230769230769 0 0.0769230769230769 0.0769230769230769 0.0769230769230769 0.0769230769230769 0.0769230769230769 0.0769230769230769 0.0769230769230769 0.0769230769230769 0.0769230769230769 0.0769230769230769 
//1;  5; 
0.0769230769230769 0.0769230769230769 0.0769230769230769 0.0769230769230769 0 0.0769230769230769 0.0769230769230769 0.0769230769230769 0.0769230769230769 0.0769230769230769 0.0769230769230769 0.0769230769230769 0.0769230769230769 0.0769230769230769 
//1;  6; 
0.0769230769230769 0.0769230769230769 0.0769230769230769 0.0769230769230769 0.0769230769230769 0 0.0769230769230769 0.0769230769230769 0.0769230769230769 0.0769230769230769 0.0769230769230769 0.0769230769230769 0.0769230769230769 0.0769230769230769 
//1;  7; 
0.0769230769230769 0.0769230769230769 0.0769230769230769 0.0769230769230769 0.0769230769230769 0.0769230769230769 0 0.0769230769230769 0.0769230769230769 0.0769230769230769 0.0769230769230769 0.0769230769230769 0.0769230769230769 0.0769230769230769 
//1;  8; 
0.0769230769230769 0.0769230769230769 0.0769230769230769 0.0769230769230769 0.0769230769230769 0.0769230769230769 0.0769230769230769 0 0.0769230769230769 0.0769230769230769 0.0769230769230769 0.0769230769230769 0.0769230769230769 0.0769230769230769 
//1;  9; 
0.0769230769230769 0.0769230769230769 0.0769230769230769 0.0769230769230769 0.0769230769230769 0.0769230769230769 0.0769230769230769 0.0769230769230769 0 0.0769230769230769 0.0769230769230769 0.0769230769230769 0.0769230769230769 0.0769230769230769 
//1;  10; 
0.0769230769230769 0.0769230769230769 0.0769230769230769 0.0769230769230769 0.0769230769230769 0.0769230769230769 0.0769230769230769 0.0769230769230769 0.0769230769230769 0 0.0769230769230769 0.0769230769230769 0.0769230769230769 0.0769230769230769 
//1;  11; 
0.0769230769230769 0.0769230769230769 0.0769230769230769 0.0769230769230769 0.0769230769230769 0.0769230769230769 0.0769230769230769 0.0769230769230769 0.0769230769230769 0.0769230769230769 0 0.0769230769230769 0.0769230769230769 0.0769230769230769 
//1;  12; 
0.0769230769230769 0.0769230769230769 0.0769230769230769 0.0769230769230769 0.0769230769230769 0.0769230769230769 0.0769230769230769 0.0769230769230769 0.0769230769230769 0.0769230769230769 0.0769230769230769 0 0.0769230769230769 0.0769230769230769 
//1;  13; 
0.0769230769230769 0.0769230769230769 0.0769230769230769 0.0769230769230769 0.0769230769230769 0.0769230769230769 0.0769230769230769 0.0769230769230769 0.0769230769230769 0.0769230769230769 0.0769230769230769 0.0769230769230769 0 0.0769230769230769 
//1;  14; 
0.0769230769230769 0.0769230769230769 0.0769230769230769 0.0769230769230769 0.0769230769230769 0.0769230769230769 0.0769230769230769 0.0769230769230769 0.0769230769230769 0.0769230769230769 0.0769230769230769 0.0769230769230769 0.0769230769230769 0 
