//AS Number
1
//number of nodes in AS
14
//node1 node2 link-Weight Link-Rate(Gbps) (for intra-domain links)
1 2 1 20
2 1 1 20
1 3 1 20
3 1 1 20
1 4 1 20
4 1 1 20
2 4 1 20
4 2 1 20
2 8 1 20
8 2 1 20
3 5 1 20
5 3 1 20
3 11 1 20
11 3 1 20
4 6 1 20
6 4 1 20
5 6 1 20
6 5 1 20
5 7 1 20
7 5 1 20
6 14 1 20
14 6 1 20
6 13 1 20
13 6 1 20
7 8 1 20
8 7 1 20
8 9 1 20
9 8 1 20
9 10 1 20
10 9 1 20
9 12 1 20
12 9 1 20
9 14 1 20
14 9 1 20
10 11 1 20
11 10 1 20
10 13 1 20
13 10 1 20
11 12 1 20
12 11 1 20
12 13 1 20
13 12 1 20
